Glacier-specific geodetic mass balance (m w.e. a-1) 2000_2020/ according to Hugonnet et al. (2021)
ID=1: measured, ID=2: regional mean
RGI-ID  Area  lat  lon  B  errB  ID
RGI60-06.00475  1560.38317   64.297733  -17.141725   -0.768    0.070  1
RGI60-06.00377  1427.71618   64.586664  -16.267468   -0.633    0.068  1
RGI60-06.00483  1067.02570   64.266639  -16.476734   -1.056    0.095  1
RGI60-06.00477  1060.04296   64.674530  -17.053865   -0.636    0.066  1
RGI60-06.00416   757.02196   64.281989  -17.702122   -1.087    0.096  1
RGI60-06.00424   319.34026   64.562767  -17.717450   -0.718    0.088  1
RGI60-06.00443   270.98475   64.347503  -17.927042   -1.865    0.153  1
RGI60-06.00234   264.40586   64.798860  -18.642163   -0.920    0.104  1
RGI60-06.00466   239.86420   64.519091  -15.655958   -0.640    0.093  1
RGI60-06.00465   212.10608   64.422020  -15.856922   -0.672    0.095  1
RGI60-06.00473   181.35096   64.455058  -17.785896   -1.080    0.110  1
RGI60-06.00238   157.72942   64.901407  -18.907191   -0.667    0.097  1
RGI60-06.00310   156.92811   64.642262  -20.031148   -0.895    0.097  1
RGI60-06.00328   144.94174   63.606031  -18.975910   -1.138    0.120  1
RGI60-06.00478   136.95522   64.303694  -15.984689   -0.598    0.102  1
RGI60-06.00309   131.07264   64.571077  -20.241663   -1.112    0.107  1
RGI60-06.00472   129.53828   64.628391  -15.608336   -0.588    0.100  1
RGI60-06.00291   126.43025   64.570992  -20.435492   -1.611    0.134  1
RGI60-06.00303   115.07910   64.726064  -20.113632   -1.178    0.113  1
RGI60-06.00336   111.49925   63.740883  -18.999384   -1.715    0.149  1
RGI60-06.00339   106.15907   63.716809  -19.190572   -1.389    0.132  1
RGI60-06.00235   103.49668   64.816652  -19.048369   -0.615    0.100  1
RGI60-06.00232   101.37541   64.709073  -18.928628   -1.007    0.119  1
RGI60-06.00302    95.06726   64.782609  -19.901591   -1.098    0.107  1
RGI60-06.00471    93.19620   64.346799  -15.930470   -1.256    0.132  1
RGI60-06.00479    90.42592   64.096306  -16.782263   -0.876    0.101  1
RGI60-06.00305    77.82154   64.671893  -20.371574   -0.809    0.095  1
RGI60-06.00237    77.71707   64.718328  -18.779976   -1.047    0.120  1
RGI60-06.00233    77.26839   64.912918  -18.648915   -0.582    0.100  1
RGI60-06.00236    68.07001   64.756965  -19.024088   -0.633    0.110  1
RGI60-06.00407    63.42703   64.032433  -16.547574   -0.663    0.111  1
RGI60-06.00340    55.06112   63.599649  -19.235273   -0.935    0.117  1
RGI60-06.00301    53.64581   64.871943  -19.898040   -0.860    0.108  1
RGI60-06.00341    43.17474   63.675366  -18.986083   -1.218    0.132  1
RGI60-06.00539    41.83311   66.141377  -22.245432   -0.582    0.110  1
RGI60-06.00311    41.25480   64.636918  -20.528795   -1.212    0.124  1
RGI60-06.00470    38.46512   64.548184  -15.418320   -0.792    0.115  1
RGI60-06.00474    32.20929   64.026715  -16.741369   -0.591    0.110  1
RGI60-06.00408    30.56305   64.602901  -15.342109   -0.868    0.123  1
RGI60-06.00481    30.42416   64.130288  -16.861273   -0.676    0.105  1
RGI60-06.00412    29.87934   64.457542  -15.713147   -0.879    0.128  1
RGI60-06.00544    28.82863   66.191910  -22.347861   -0.627    0.113  1
RGI60-06.00410    28.75350   64.686942  -17.496514   -0.236    0.096  1
RGI60-06.00292    28.02234   64.821194  -20.028549   -0.980    0.117  1
RGI60-06.00228    26.93651   64.912708  -18.765851   -0.613    0.117  1
RGI60-06.00409    26.08279   64.675684  -16.643398   -0.075    0.093  1
RGI60-06.00476    25.73765   63.984525  -16.588900   -0.334    0.115  1
RGI60-06.00540    23.90455   66.192043  -22.230883   -0.787    0.127  1
RGI60-06.00304    22.90029   64.569410  -20.095986   -1.593    0.152  1
RGI60-06.00541    22.72884   66.095790  -22.143556   -0.377    0.120  1
RGI60-06.00411    22.21295   64.635819  -15.380417   -0.813    0.126  1
RGI60-06.00342    22.11825   63.569806  -19.174400   -1.109    0.133  1
RGI60-06.00347    20.37530   63.650077  -18.946007   -1.319    0.152  1
RGI60-06.00293    18.65218   64.720150  -19.910426   -1.140    0.126  1
RGI60-06.00294    18.09663   64.848718  -19.812287   -1.135    0.127  1
RGI60-06.00343    18.06001   63.645859  -19.308233   -0.901    0.129  1
RGI60-06.00329    18.05230   63.613523  -19.335295   -1.472    0.155  1
RGI60-06.00445    16.72353   63.990472  -16.736158   -0.563    0.126  1
RGI60-06.00545    16.47021   66.134593  -22.125653   -0.645    0.129  1
RGI60-06.00313    15.71935   63.612532  -19.540971   -0.632    0.125  1
RGI60-06.00558    12.96457   64.215231  -16.202963   -1.603    0.177  1
RGI60-06.00413    12.51392   64.651552  -15.427226   -0.646    0.128  1
RGI60-06.00344    12.40656   63.563790  -19.046886   -0.714    0.129  1
RGI60-06.00326    10.88162   63.640929  -19.554683   -0.703    0.130  1
RGI60-06.00480    10.49102   64.665860  -17.539125   -0.155    0.111  1
RGI60-06.00468     9.91631   64.275846  -16.130190   -0.376    0.124  1
RGI60-06.00284     9.57511   64.733320  -17.944230   -0.417    0.123  1
RGI60-06.00306     9.44170   64.831588  -19.855052   -0.646    0.121  1
RGI60-06.00345     9.33722   63.561010  -19.093922   -0.538    0.125  1
RGI60-06.00562     9.17806   64.655958  -17.567194   -0.298    0.115  1
RGI60-06.00415     8.94909   64.638324  -17.624250   -0.288    0.116  1
RGI60-06.00290     8.79258   64.772831  -17.878618   -0.536    0.127  1
RGI60-06.00414     8.79146   64.558484  -15.352236   -0.605    0.125  1
RGI60-06.00346     8.65330   63.674668  -19.297701   -0.823    0.137  1
RGI60-06.00229     8.36691   64.896357  -18.510693   -0.487    0.121  1
RGI60-06.00295     7.88404   64.689337  -20.268377   -0.456    0.116  1
RGI60-06.00317     7.83611   63.642804  -19.620612   -0.821    0.150  1
RGI60-06.00285     7.58921   64.762283  -17.848465   -0.585    0.130  1
RGI60-06.00319     7.52871   63.621203  -19.681887   -0.592    0.130  1
RGI60-06.00286     7.42081   64.761398  -17.935652   -0.525    0.128  1
RGI60-06.00330     7.12566   63.561531  -18.992981   -1.189    0.161  1
RGI60-06.00425     7.11483   63.969717  -16.695521   -0.209    0.134  1
RGI60-06.00418     7.05063   64.185272  -16.153133   -0.749    0.141  1
RGI60-06.00549     6.63526   66.096423  -22.064908   -0.477    0.151  1
RGI60-06.00240     6.61962   64.533573  -20.747101   -0.761    0.131  1
RGI60-06.00025     6.60453   65.683856  -18.874757   -0.349    0.136  1
RGI60-06.00296     6.58985   64.692219  -20.229895   -0.566    0.123  1
RGI60-06.00325     6.50537   63.649096  -19.662508   -0.198    0.124  1
RGI60-06.00220     6.29988   65.619168  -18.814570   -0.142    0.120  1
RGI60-06.00561     6.22451   64.653316  -17.597066   -0.393    0.124  1
RGI60-06.00429     6.14248   63.959708  -16.653281   -0.310    0.139  1
RGI60-06.00422     6.04764   64.659313  -15.476739   -0.286    0.130  1
RGI60-06.00320     5.96978   63.641680  -19.708203   -0.825    0.142  1
RGI60-06.00365     5.61955   63.903383  -19.000884   -1.454    0.181  1
RGI60-06.00553     5.61131   64.704362  -14.933153   -0.865    0.151  1
RGI60-06.00423     5.53899   63.963279  -16.601028   -0.405    0.139  1
RGI60-06.00513     5.53854   64.707718  -14.900175   -0.819    0.148  1
RGI60-06.00027     5.08969   65.654055  -18.831115   -0.213    0.128  1
RGI60-06.00421     5.04701   64.580546  -15.338639   -0.451    0.133  1
RGI60-06.00427     4.91281   63.956472  -16.624374   -0.150    0.136  1
RGI60-06.00001     4.90158   64.817416  -23.785200   -0.269    0.134  1
RGI60-06.00276     4.88558   64.761040  -20.392072   -0.539    0.127  1
RGI60-06.00277     4.86049   64.785557  -20.415805   -0.287    0.123  1
RGI60-06.00568     4.83276   64.768360  -20.431008   -0.476    0.127  1
RGI60-06.00349     4.83221   63.795983  -19.557563   -1.152    0.162  1
RGI60-06.00026     4.77297   65.688881  -18.810725   -0.273    0.134  1
RGI60-06.00041     4.71155   65.711938  -18.964360   -0.244    0.125  1
RGI60-06.00331     4.65235   63.697327  -19.305259   -0.933    0.153  1
RGI60-06.00324     4.63427   63.606861  -19.632725   -0.693    0.145  1
RGI60-06.00221     4.53594   65.629618  -18.865922   -0.574    0.136  1
RGI60-06.00453     4.49881   63.979822  -16.711641   -0.322    0.142  1
RGI60-06.00242     4.49879   64.528703  -20.683428   -0.943    0.144  1
RGI60-06.00428     4.49608   63.958347  -16.683721   -0.281    0.141  1
RGI60-06.00241     4.47586   64.554188  -20.715014   -0.784    0.142  1
RGI60-06.00406     4.31617   63.994411  -16.528988   -0.288    0.139  1
RGI60-06.00321     4.24646   63.603873  -19.605079   -0.357    0.134  1
RGI60-06.00431     4.21595   64.280389  -16.094034   -0.232    0.141  1
RGI60-06.00314     3.87987   63.634449  -19.488615   -0.780    0.158  1
RGI60-06.00332     3.82740   63.635778  -19.401661   -1.225    0.194  1
RGI60-06.00435     3.69722   64.371819  -15.874223   -0.223    0.137  1
RGI60-06.00270     3.66506   64.744108  -19.746623   -0.363    0.131  1
RGI60-06.00369     3.55027   63.890388  -19.029090   -1.417    0.185  1
RGI60-06.00430     3.43594   64.187054  -16.183096   -0.919    0.159  1
RGI60-06.00322     3.41875   63.608344  -19.659742   -0.662    0.149  1
RGI60-06.00323     3.41138   63.647435  -19.588927   -0.196    0.136  1
RGI60-06.00252     3.37486   64.608133  -20.883522   -0.609    0.131  1
RGI60-06.00563     3.31780   64.691333  -16.662726    0.051    0.122  1
RGI60-06.00017     3.27720   65.672467  -18.919579   -0.413    0.139  1
RGI60-06.00043     3.15833   65.711681  -18.656730   -0.028    0.133  1
RGI60-06.00514     3.11365   64.682723  -14.911751   -0.621    0.159  1
RGI60-06.00318     2.98048   63.644785  -19.509449   -1.063    0.174  1
RGI60-06.00335     2.97792   63.555701  -19.137663   -1.271    0.183  1
RGI60-06.00243     2.93463   64.549840  -20.649817   -1.355    0.188  1
RGI60-06.00439     2.92648   64.660892  -15.513362   -0.389    0.139  1
RGI60-06.00307     2.92457   64.700383  -20.253540   -0.550    0.138  1
RGI60-06.00542     2.85420   66.219480  -22.296366   -0.386    0.162  1
RGI60-06.00278     2.83623   64.776598  -20.358205   -0.350    0.130  1
RGI60-06.00283     2.82328   64.789151  -20.374638   -0.478    0.141  1
RGI60-06.00566     2.82224   64.598651  -20.643004   -0.833    0.155  1
RGI60-06.00244     2.78879   64.557743  -20.687994   -1.004    0.166  1
RGI60-06.00359     2.78155   63.791942  -19.616358   -0.835    0.156  1
RGI60-06.00512     2.76917   64.619847  -15.044780   -0.759    0.167  1
RGI60-06.00554     2.76747   64.687053  -14.882741   -0.585    0.154  1
RGI60-06.00337     2.73451   63.705718  -19.284317   -0.737    0.153  1
RGI60-06.00007     2.71070   64.811572  -23.752234   -0.450    0.152  1
RGI60-06.00245     2.69984   64.548918  -20.741540   -0.655    0.148  1
RGI60-06.00487     2.69074   64.521279  -14.944649   -0.527    0.154  1
RGI60-06.00543     2.57134   66.220885  -22.326148   -0.494    0.159  1
RGI60-06.00287     2.52946   64.746824  -17.969702   -0.233    0.138  1
RGI60-06.00440     2.50346   64.670653  -16.699030   -0.069    0.131  1
RGI60-06.00202     2.46432   65.570067  -18.247981   -0.095    0.140  1
RGI60-06.00208     2.37932   65.594648  -19.063663   -0.241    0.135  1
RGI60-06.00308     2.36881   64.588850  -20.597241   -0.635    0.144  1
RGI60-06.00350     2.32216   63.782520  -19.587312   -0.672    0.152  1
RGI60-06.00247     2.30246   64.555911  -20.661426   -1.250    0.207  1
RGI60-06.00067     2.27439   65.765593  -18.503225   -0.095    0.140  1
RGI60-06.00555     2.19646   64.613982  -15.057642   -0.612    0.168  1
RGI60-06.00008     2.16513   65.404498  -18.541951   -0.154    0.155  1
RGI60-06.00137     2.16407   65.976318  -17.759697    0.079    0.128  1
RGI60-06.00071     2.15079   65.770782  -18.792198    0.041    0.145  1
RGI60-06.00436     2.11093   63.983211  -16.529889   -0.727    0.178  1
RGI60-06.00198     2.09385   65.579000  -18.908101   -0.709    0.142  1
RGI60-06.00446     2.03901   64.680169  -16.589562    0.012    0.129  1
RGI60-06.00246     2.02271   64.535631  -20.654368   -0.877    0.163  1
RGI60-06.00437     2.02039   64.100596  -16.849838   -0.588    0.143  1
RGI60-06.00074     1.89637   65.761112  -18.818900   -0.093    0.150  1
RGI60-06.00002     1.89630   64.795130  -23.768585   -0.314    0.148  1
RGI60-06.00197     1.89253   65.575228  -18.880358   -0.259    0.133  1
RGI60-06.00203     1.84859   65.584668  -18.371939   -0.125    0.159  1
RGI60-06.00288     1.83443   64.740602  -17.890483   -0.478    0.149  1
RGI60-06.00441     1.83097   64.375879  -15.818019   -0.734    0.182  1
RGI60-06.00447     1.80543   64.268537  -16.045091   -0.260    0.154  1
RGI60-06.00048     1.80231   65.827155  -18.519452   -0.077    0.147  1
RGI60-06.00444     1.76003   64.513502  -15.452664   -0.262    0.139  1
RGI60-06.00338     1.75638   63.568711  -19.238214   -1.509    0.212  1
RGI60-06.00434     1.75563   64.215516  -16.129715   -0.196    0.161  1
RGI60-06.00089     1.74370   65.790359  -18.805530   -0.313    0.153  1
RGI60-06.00448     1.73885   64.195705  -16.130447   -0.689    0.164  1
RGI60-06.00333     1.73441   63.686699  -19.294744   -0.610    0.167  1
RGI60-06.00230     1.68652   64.878275  -18.495024   -0.541    0.155  1
RGI60-06.00231     1.68003   64.870371  -18.514999   -0.463    0.147  1
RGI60-06.00261     1.66881   64.642524  -19.194748   -0.844    0.168  1
RGI60-06.00315     1.63388   63.628192  -19.714674   -0.929    0.197  1
RGI60-06.00334     1.62138   63.663470  -19.307967   -0.549    0.167  1
RGI60-06.00119     1.61079   65.488379  -18.488949   -0.300    0.163  1
RGI60-06.00442     1.59744   64.417878  -15.672220   -0.773    0.211  1
RGI60-06.00450     1.59385   64.044050  -16.759634   -0.052    0.139  1
RGI60-06.00186     1.53812   65.551468  -18.358354   -0.198    0.160  1
RGI60-06.00104     1.53138   65.839548  -18.969569   -0.176    0.137  1
RGI60-06.00211     1.46810   65.601706  -18.720097   -0.274    0.153  1
RGI60-06.00297     1.41420   64.590423  -20.617679   -0.518    0.153  1
RGI60-06.00362     1.37094   63.891842  -19.138288   -1.098    0.191  1
RGI60-06.00207     1.34517   65.582401  -19.035395   -0.336    0.137  1
RGI60-06.00482     1.27561   64.653868  -16.600772    0.106    0.138  1
RGI60-06.00275     1.26215   64.745909  -19.725965   -0.378    0.152  1
RGI60-06.00206     1.24682   65.433706  -18.563732   -0.445    0.175  1
RGI60-06.00451     1.22234   64.202583  -16.112639   -0.727    0.181  1
RGI60-06.00366     1.22128   63.897707  -18.966106   -1.526    0.232  1
RGI60-06.00352     1.21583   63.799521  -19.606114   -0.601    0.166  1
RGI60-06.00069     1.21565   65.763363  -18.760600   -0.113    0.161  1
RGI60-06.00094     1.20111   65.806553  -18.761090   -0.060    0.162  1
RGI60-06.00036     1.16629   65.705531  -18.918097   -0.068    0.167  1
RGI60-06.00193     1.16601   65.564417  -19.111296   -0.215    0.156  1
RGI60-06.00140     1.12885   65.815877  -19.010893   -0.180    0.139  1
RGI60-06.00454     1.10650   64.667810  -16.589200    0.059    0.140  1
RGI60-06.00316     1.08703   63.599413  -19.577218   -0.277    0.156  1
RGI60-06.00110     1.07103   65.865027  -18.461784   -0.016    0.156  1
RGI60-06.00351     1.03914   63.809884  -19.598040   -0.824    0.190  1
RGI60-06.00455     1.03298   64.237326  -16.169957   -0.497    0.162  1
RGI60-06.00248     1.02209   64.528579  -20.709297   -0.799    0.181  1
RGI60-06.00354     1.01393   63.814635  -19.560644   -0.435    0.160  1
RGI60-06.00010     0.99998   65.649530  -18.293929   -0.399    0.166  1
RGI60-06.00281     0.99998   64.766291  -20.363546   -0.667    0.176  1
RGI60-06.00215     0.99798   65.613561  -19.127808   -0.128    0.139  1
RGI60-06.00298     0.99091   64.589927  -20.573681   -0.825    0.178  1
RGI60-06.00460     0.98222   64.047870  -16.776577   -0.179    0.147  1
RGI60-06.00005     0.97749   64.804647  -23.799264    0.040    0.141  1
RGI60-06.00133     0.96635   65.951567  -17.774757    0.010    0.140  1
RGI60-06.00518     0.96535   64.794826  -15.578773   -0.028    0.152  1
RGI60-06.00118     0.96159   65.482745  -18.461866   -0.045    0.163  1
RGI60-06.00214     0.93657   65.605062  -19.106391   -0.357    0.145  1
RGI60-06.00046     0.92879   65.723926  -18.598352   -0.141    0.158  1
RGI60-06.00177     0.92583   65.535790  -18.340933   -0.247    0.162  1
RGI60-06.00006     0.91191   64.800334  -23.752987   -0.288    0.155  1
RGI60-06.00191     0.90093   65.819787  -18.705310   -0.128    0.158  1
RGI60-06.00028     0.89579   65.653523  -18.865785   -0.309    0.150  1
RGI60-06.00266     0.89163   64.647833  -19.242285   -0.491    0.179  1
RGI60-06.00106     0.88149   65.852270  -18.969054   -0.088    0.144  1
RGI60-06.00462     0.87071   64.420102  -15.690820   -0.673    0.188  1
RGI60-06.00044     0.86928   65.717243  -18.568023   -0.296    0.164  1
RGI60-06.00029     0.86173   65.642507  -18.772496   -0.220    0.148  1
RGI60-06.00066     0.85193   65.759608  -18.851217   -0.182    0.158  1
RGI60-06.00205     0.83653   65.573770  -18.373551   -0.048    0.168  1
RGI60-06.00457     0.83522   64.052990  -16.795256   -0.224    0.143  1
RGI60-06.00013     0.82813   65.643614  -18.322492   -0.181    0.171  1
RGI60-06.00081     0.82654   65.777746  -18.523881   -0.073    0.161  1
RGI60-06.00516     0.82405   64.804063  -15.581033    0.118    0.164  1
RGI60-06.00039     0.82157   65.717448  -19.022036   -0.012    0.144  1
RGI60-06.00378     0.81724   64.195127  -16.213956   -0.306    0.162  1
RGI60-06.00403     0.81709   64.335341  -15.919362   -0.642    0.174  1
RGI60-06.00461     0.80895   64.631613  -16.632153    0.157    0.144  1
RGI60-06.00100     0.80379   65.803395  -18.869037   -0.271    0.158  1
RGI60-06.00194     0.79218   65.559929  -18.402540   -0.367    0.183  1
RGI60-06.00469     0.78631   64.362306  -15.773529   -0.088    0.164  1
RGI60-06.00564     0.77051   63.809631  -19.579986   -0.619    0.174  1
RGI60-06.00014     0.77042   65.668272  -18.970948   -0.392    0.160  1
RGI60-06.00173     0.76955   65.525665  -18.667621   -0.356    0.175  1
RGI60-06.00055     0.76726   65.731082  -18.793120   -0.071    0.172  1
RGI60-06.00064     0.76578   65.470458  -18.502634   -0.011    0.176  1
RGI60-06.00151     0.76382   66.057368  -18.227522   -0.309    0.157  1
RGI60-06.00141     0.75865   65.822201  -19.031102   -0.198    0.147  1
RGI60-06.00484     0.75602   64.474256  -15.365474   -0.079    0.170  1
RGI60-06.00096     0.75150   65.844454  -18.510440   -0.095    0.154  1
RGI60-06.00003     0.75102   64.797875  -23.804320   -0.178    0.152  1
RGI60-06.00189     0.73373   65.554529  -18.282435   -0.109    0.159  1
RGI60-06.00105     0.73154   65.851074  -18.987233   -0.323    0.151  1
RGI60-06.00112     0.72955   65.872646  -18.965057   -0.200    0.155  1
RGI60-06.00380     0.71876   64.641688  -16.614085    0.148    0.150  1
RGI60-06.00113     0.71773   65.874224  -18.948432   -0.278    0.156  1
RGI60-06.00523     0.70637   64.807925  -15.541390    0.132    0.166  1
RGI60-06.00458     0.70500   64.161758  -16.180479   -0.261    0.157  1
RGI60-06.00271     0.70477   64.744888  -19.714995   -0.369    0.170  1
RGI60-06.00078     0.68414   65.773891  -18.557063    0.024    0.159  1
RGI60-06.00456     0.68339   64.487637  -17.830002   -0.236    0.162  1
RGI60-06.00289     0.68241   64.732863  -17.907847   -0.366    0.160  1
RGI60-06.00121     0.67863   65.902038  -18.843600   -0.126    0.147  1
RGI60-06.00213     0.66701   65.599193  -19.096802   -0.195    0.161  1
RGI60-06.00225     0.65480   65.822535  -18.678901    0.047    0.158  1
RGI60-06.00388     0.65014   64.540244  -15.338994   -0.152    0.157  1
RGI60-06.00058     0.64192   65.742328  -18.839882    0.045    0.163  1
RGI60-06.00504     0.63514   64.552731  -15.010677   -0.279    0.166  1
RGI60-06.00379     0.62621   64.422878  -15.653643   -0.564    0.193  1
RGI60-06.00356     0.62082   63.815108  -19.574091   -0.739    0.204  1
RGI60-06.00364     0.61559   63.898696  -19.127173   -1.140    0.235  1
RGI60-06.00279     0.60746   64.785809  -20.461816   -0.643    0.175  1
RGI60-06.00084     0.59955   65.474393  -18.414466   -0.018    0.164  1
RGI60-06.00102     0.58675   65.811559  -18.903326   -0.345    0.185  1
RGI60-06.00497     0.58630   64.582358  -15.003403   -0.467    0.186  1
RGI60-06.00098     0.58155   65.803991  -18.521293   -0.363    0.173  1
RGI60-06.00052     0.57907   65.724618  -18.553180   -0.163    0.172  1
RGI60-06.00224     0.57774   65.661571  -18.931675   -0.061    0.141  1
RGI60-06.00085     0.57640   65.477078  -18.430036   -0.100    0.168  1
RGI60-06.00109     0.57129   65.854248  -18.489508    0.092    0.162  1
RGI60-06.00467     0.56892   64.251708  -15.980202    0.300    0.173  1
RGI60-06.00049     0.55796   65.825371  -18.479357   -0.185    0.162  1
RGI60-06.00355     0.55238   63.781536  -19.610257   -0.750    0.202  1
RGI60-06.00147     0.54820   66.025857  -18.210777   -0.182    0.168  1
RGI60-06.00385     0.54637   64.373227  -15.841700   -0.142    0.172  1
RGI60-06.00201     0.53852   65.551490  -18.251416   -0.063    0.160  1
RGI60-06.00199     0.53249   65.582190  -18.412346   -0.271    0.191  1
RGI60-06.00130     0.53086   65.909547  -17.756753    0.094    0.160  1
RGI60-06.00257     0.52799   64.639478  -19.297837   -0.470    0.188  1
RGI60-06.00057     0.52388   65.733261  -18.538355   -0.128    0.177  1
RGI60-06.00072     0.52221   65.752276  -18.804247   -0.010    0.175  1
RGI60-06.00510     0.51850   65.619381  -14.768741   -0.200    0.167  1
RGI60-06.00530     0.51389   64.966053  -14.353891   -0.364    0.217  1
RGI60-06.00129     0.51206   65.916500  -18.734626   -0.162    0.157  1
RGI60-06.00384     0.50394   64.229115  -16.160639   -0.270    0.192  1
RGI60-06.00272     0.49716   64.744304  -19.705832   -0.281    0.177  1
RGI60-06.00190     0.49670   65.564922  -19.144349   -0.106    0.174  1
RGI60-06.00256     0.49249   64.509615  -19.840537   -0.471    0.181  1
RGI60-06.00169     0.48511   65.514797  -18.731107   -0.157    0.171  1
RGI60-06.00273     0.48274   64.735116  -19.701503   -0.268    0.180  1
RGI60-06.00521     0.48121   64.797884  -15.544658    0.015    0.157  1
RGI60-06.00556     0.47730   64.513682  -15.428237   -0.053    0.168  1
RGI60-06.00107     0.47274   65.857711  -19.042276   -0.040    0.147  1
RGI60-06.00368     0.47200   63.888088  -18.996339   -0.541    0.195  1
RGI60-06.00492     0.46959   64.512467  -14.971993   -0.530    0.196  1
RGI60-06.00015     0.46884   65.669426  -19.003682   -0.381    0.176  1
RGI60-06.00383     0.46669   64.248001  -15.906650    0.243    0.177  1
RGI60-06.00079     0.46038   65.777989  -18.469825   -0.033    0.173  1
RGI60-06.00165     0.45818   66.100808  -18.004117   -0.284    0.178  1
RGI60-06.00254     0.45645   64.622415  -19.270442   -0.304    0.175  1
RGI60-06.00565     0.45630   63.909974  -18.967257   -0.359    0.177  1
RGI60-06.00389     0.45495   64.365710  -15.891319   -0.073    0.161  1
RGI60-06.00392     0.45026   64.220858  -16.143176   -0.202    0.200  1
RGI60-06.00498     0.44940   65.504648  -13.954077   -0.239    0.186  1
RGI60-06.00517     0.44823   64.809614  -15.581012   -0.071    0.168  1
RGI60-06.00009     0.44819   65.638824  -18.303115   -0.198    0.188  1
RGI60-06.00511     0.44521   65.631991  -14.752486   -0.106    0.166  1
RGI60-06.00087     0.44490   65.788736  -18.531126    0.148    0.178  1
RGI60-06.00212     0.44179   65.607565  -18.754969   -0.298    0.176  1
RGI60-06.00522     0.43650   64.804415  -15.556803    0.117    0.165  1
RGI60-06.00269     0.43033   64.708297  -20.432614   -0.053    0.147  1
RGI60-06.00061     0.42882   65.849987  -18.931410   -0.049    0.162  1
RGI60-06.00433     0.42353   64.210531  -16.113715   -0.653    0.206  1
RGI60-06.00116     0.41642   65.893302  -18.736809   -0.034    0.165  1
RGI60-06.00195     0.41240   65.566865  -18.277856   -0.068    0.168  1
RGI60-06.00520     0.40585   64.794343  -15.554158   -0.116    0.166  1
RGI60-06.00382     0.40379   64.243899  -15.916133   -0.110    0.173  1
RGI60-06.00082     0.39518   65.778179  -18.499589   -0.016    0.160  1
RGI60-06.00372     0.39330   64.171879  -16.103573   -0.208    0.197  1
RGI60-06.00557     0.38959   64.253007  -15.998242    0.154    0.170  1
RGI60-06.00060     0.38718   65.745466  -18.590201   -0.103    0.170  1
RGI60-06.00499     0.38524   65.513140  -13.938644   -0.029    0.187  1
RGI60-06.00253     0.38314   64.617912  -19.226700   -0.101    0.163  1
RGI60-06.00070     0.37994   65.767328  -18.807692    0.025    0.177  1
RGI60-06.00222     0.37719   65.645641  -18.275193   -0.046    0.169  1
RGI60-06.00093     0.37635   65.808404  -18.735283    0.126    0.180  1
RGI60-06.00031     0.36339   65.697178  -18.777520   -0.364    0.182  1
RGI60-06.00280     0.36313   64.799905  -20.395145   -0.096    0.179  1
RGI60-06.00375     0.36251   64.538951  -15.232347   -0.443    0.219  1
RGI60-06.00268     0.36194   64.687471  -20.544097   -0.340    0.183  1
RGI60-06.00150     0.35963   65.501140  -18.507868   -0.258    0.192  1
RGI60-06.00063     0.35873   65.746783  -18.514126   -0.069    0.187  1
RGI60-06.00393     0.35354   64.247107  -15.954717    0.173    0.191  1
RGI60-06.00059     0.35349   65.740278  -18.570431    0.060    0.189  1
RGI60-06.00051     0.34922   65.724560  -18.529397    0.165    0.183  1
RGI60-06.00166     0.34270   65.826582  -19.051034   -0.020    0.154  1
RGI60-06.00567     0.33980   64.733569  -19.718518   -0.174    0.163  1
RGI60-06.00167     0.33422   66.108535  -18.011528   -0.332    0.206  1
RGI60-06.00528     0.33008   64.901583  -14.106589   -0.255    0.303  1
RGI60-06.00548     0.32483   64.794423  -23.789579   -0.007    0.174  1
RGI60-06.00507     0.32046   64.547049  -14.993028   -0.380    0.224  1
RGI60-06.00068     0.31819   65.771567  -18.719272   -0.009    0.214  1
RGI60-06.00559     0.31426   64.109853  -17.057565   -0.339    0.179  1
RGI60-06.00090     0.31239   65.798054  -18.776703   -0.388    0.206  1
RGI60-06.00374     0.30788   64.523997  -15.342094    0.084    0.167  1
RGI60-06.00080     0.30196   65.489225  -18.371819    0.101    0.188  1
RGI60-06.00187     0.29924   65.436174  -18.500836   -0.123    0.216  1
RGI60-06.00299     0.29768   64.590344  -20.634775   -0.427    0.178  1
RGI60-06.00395     0.29672   64.180799  -16.126112   -0.513    0.208  1
RGI60-06.00092     0.29442   65.808572  -18.712766    0.594    0.218  1
RGI60-06.00138     0.28968   65.975807  -17.733337   -0.014    0.179  1
RGI60-06.00192     0.28623   65.817418  -18.719387   -0.230    0.199  1
RGI60-06.00535     0.28212   65.077739  -14.429783   -0.338    0.198  1
RGI60-06.00216     0.27975   65.611494  -18.343370   -0.006    0.183  1
RGI60-06.00034     0.27926   65.638245  -18.769887   -0.050    0.180  1
RGI60-06.00115     0.27732   65.893192  -18.806719   -0.114    0.169  1
RGI60-06.00033     0.27690   65.638494  -18.741053   -0.088    0.208  1
RGI60-06.00050     0.27569   65.470097  -18.532835   -0.275    0.217  1
RGI60-06.00175     0.27485   65.539934  -18.999034   -0.793    0.210  1
RGI60-06.00168     0.27216   65.510191  -18.522034   -0.146    0.207  1
RGI60-06.00396     0.27150   64.260150  -16.016524   -0.007    0.178  1
RGI60-06.00491     0.27143   64.518261  -14.975886   -0.148    0.187  1
RGI60-06.00500     0.26323   65.520403  -13.925029   -0.306    0.210  1
RGI60-06.00075     0.26259   65.774956  -18.699265   -0.038    0.199  1
RGI60-06.00011     0.25751   65.656332  -18.309653   -0.199    0.206  1
RGI60-06.00394     0.25401   64.250801  -15.955934    0.286    0.209  1
RGI60-06.00420     0.25346   64.583459  -15.289009    0.036    0.159  1
RGI60-06.00101     0.25325   65.806031  -18.889111   -0.063    0.210  1
RGI60-06.00397     0.25220   64.259324  -16.162162   -0.163    0.177  1
RGI60-06.00267     0.25118   64.633940  -19.201474   -0.192    0.171  1
RGI60-06.00117     0.24932   65.894683  -18.484653    0.099    0.197  1
RGI60-06.00519     0.24872   64.813332  -15.556989    0.066    0.184  1
RGI60-06.00258     0.24864   64.646395  -19.317441   -0.383    0.208  1
RGI60-06.00547     0.24741   66.277622  -22.333195   -0.616    0.237  1
RGI60-06.00183     0.24522   65.551318  -18.414238   -0.190    0.192  1
RGI60-06.00503     0.24296   65.579681  -14.782305    0.053    0.197  1
RGI60-06.00399     0.24112   64.122402  -16.965424   -0.274    0.206  1
RGI60-06.00188     0.23868   65.564565  -18.834568   -0.146    0.185  1
RGI60-06.00452     0.23723   64.374562  -15.780303   -0.044    0.177  1
RGI60-06.00532     0.23592   64.983178  -14.105366   -0.572    0.318  1
RGI60-06.00551     0.23550   65.881120  -18.950694   -0.243    0.183  1
RGI60-06.00134     0.23263   65.949128  -17.760011   -0.008    0.172  1
RGI60-06.00363     0.23203   63.887222  -19.117176   -1.562    0.404  1
RGI60-06.00122     0.23182   65.896722  -18.820725   -0.164    0.195  1
RGI60-06.00196     0.23148   65.573275  -18.857438   -0.193    0.183  1
RGI60-06.00086     0.23035   65.790997  -18.920420   -0.415    0.203  1
RGI60-06.00022     0.22989   65.450160  -18.525285    0.220    0.233  1
RGI60-06.00142     0.22940   65.996920  -17.741940   -0.073    0.187  1
RGI60-06.00020     0.22923   65.695780  -18.736057   -0.024    0.178  1
RGI60-06.00143     0.22919   66.001000  -17.762120   -0.106    0.178  1
RGI60-06.00552     0.22359   65.641067  -18.745368   -0.027    0.201  1
RGI60-06.00135     0.22197   65.502605  -18.772662   -0.204    0.221  1
RGI60-06.00438     0.22033   64.460264  -15.611591   -0.600    0.255  1
RGI60-06.00160     0.21860   66.084350  -18.250013   -0.555    0.215  1
RGI60-06.00505     0.21722   64.558290  -14.999697   -0.335    0.231  1
RGI60-06.00200     0.21682   65.547659  -18.235803   -0.081    0.172  1
RGI60-06.00077     0.21398   65.773988  -18.682880   -0.089    0.204  1
RGI60-06.00432     0.21224   64.207590  -16.097896   -0.210    0.223  1
RGI60-06.00534     0.21224   65.038247  -14.428620   -0.413    0.249  1
RGI60-06.00536     0.20946   65.918519  -23.139772   -0.567    0.248  1
RGI60-06.00209     0.20757   65.598368  -18.334322   -0.257    0.264  1
RGI60-06.00529     0.20721   64.949561  -14.370668   -0.876    0.308  1
RGI60-06.00159     0.20608   66.079771  -18.234361   -0.345    0.241  1
RGI60-06.00182     0.20606   65.543177  -18.431004   -0.549    0.237  1
RGI60-06.00053     0.19921   65.728891  -18.666291   -0.059    0.190  1
RGI60-06.00099     0.19537   65.797665  -18.857016   -0.144    0.207  1
RGI60-06.00103     0.19419   65.818928  -18.916863   -0.073    0.187  1
RGI60-06.00525     0.19251   64.916065  -14.474938   -0.590    0.310  1
RGI60-06.00390     0.19140   64.238266  -15.926021    0.040    0.215  1
RGI60-06.00176     0.19079   65.532434  -18.321283   -0.012    0.234  1
RGI60-06.00251     0.18965   64.617861  -20.939924   -0.253    0.172  1
RGI60-06.00076     0.18950   65.774297  -18.686596   -0.096    0.210  1
RGI60-06.00373     0.18848   64.506123  -15.414941    0.212    0.200  1
RGI60-06.00174     0.18774   65.532845  -18.989335   -0.669    0.229  1
RGI60-06.00146     0.18688   66.017888  -17.766782   -0.131    0.200  1
RGI60-06.00360     0.18240   63.880051  -19.120149   -0.398    0.200  1
RGI60-06.00312     0.17894   64.895489  -18.471473   -0.236    0.194  1
RGI60-06.00300     0.17871   64.591257  -20.649179   -0.192    0.168  1
RGI60-06.00398     0.17866   64.243534  -15.940247    0.273    0.228  1
RGI60-06.00464     0.17591   64.022410  -17.279410   -3.897    1.501  1
RGI60-06.00327     0.17553   63.996388  -19.661762   -0.029    0.239  1
RGI60-06.00387     0.17439   64.396845  -17.327788    1.480    0.670  1
RGI60-06.00509     0.17329   65.606854  -14.770035   -0.198    0.197  1
RGI60-06.00088     0.17206   65.795775  -18.845657   -0.256    0.222  1
RGI60-06.00204     0.16966   65.565700  -18.377459   -0.167    0.229  1
RGI60-06.00128     0.16796   65.914661  -18.670580   -0.080    0.249  1
RGI60-06.00156     0.16722   66.069789  -17.954723   -0.648    0.271  1
RGI60-06.00035     0.16695   65.639177  -18.799878    0.142    0.221  1
RGI60-06.00097     0.16665   65.838897  -18.492479    0.069    0.203  1
RGI60-06.00132     0.16541   65.954198  -17.996276   -0.366    0.239  1
RGI60-06.00120     0.16537   65.902248  -18.759626    0.027    0.194  1
RGI60-06.00021     0.16460   65.696462  -18.750087   -0.186    0.207  1
RGI60-06.00172     0.16441   65.431109  -18.532031   -0.216    0.202  1
RGI60-06.00040     0.16373   65.720407  -18.990094   -0.025    0.216  1
RGI60-06.00180     0.16248   65.819844  -18.500157   -0.006    0.221  1
RGI60-06.00404     0.15980   64.120452  -16.943751   -0.106    0.169  1
RGI60-06.00515     0.15883   64.734194  -14.615124    0.104    0.284  1
RGI60-06.00170     0.15830   65.517222  -18.746584   -0.142    0.219  1
RGI60-06.00056     0.15795   65.737149  -18.812927    0.017    0.261  1
RGI60-06.00126     0.15652   65.911924  -18.766231   -0.084    0.209  1
RGI60-06.00148     0.15492   66.042629  -18.596119   -0.071    0.244  1
RGI60-06.00144     0.15471   66.020358  -18.189548   -0.324    0.235  1
RGI60-06.00210     0.15235   65.824602  -18.727670    0.214    0.205  1
RGI60-06.00045     0.14968   65.717445  -18.606385   -0.141    0.186  1
RGI60-06.00223     0.14783   65.444988  -18.507791    0.208    0.237  1
RGI60-06.00227     0.14658   64.954720  -18.708851   -0.632    0.256  1
RGI60-06.00032     0.14556   65.702149  -18.787575   -0.305    0.240  1
RGI60-06.00161     0.14434   66.092407  -18.253461   -0.195    0.204  1
RGI60-06.00489     0.14371   64.513098  -14.949455   -0.441    0.284  1
RGI60-06.00054     0.14298   65.730967  -18.764287    0.070    0.263  1
RGI60-06.00127     0.14182   65.489007  -18.401407    0.421    0.236  1
RGI60-06.00391     0.14175   64.242475  -15.926955    0.163    0.207  1
RGI60-06.00527     0.13915   64.929242  -14.277195   -0.794    0.328  1
RGI60-06.00047     0.13885   65.827756  -18.491993   -0.076    0.252  1
RGI60-06.00171     0.13854   65.526614  -18.644394    0.026    0.277  1
RGI60-06.00402     0.13815   64.118172  -17.037236   -0.266    0.225  1
RGI60-06.00537     0.13747   65.919509  -23.121902   -0.323    0.240  1
RGI60-06.00108     0.13737   65.856443  -18.500833    0.328    0.231  1
RGI60-06.00550     0.13703   65.908799  -18.767023   -0.241    0.197  1
RGI60-06.00123     0.13683   65.906613  -18.786743   -0.270    0.207  1
RGI60-06.00239     0.13484   64.546787  -20.786540   -0.492    0.254  1
RGI60-06.00400     0.13299   64.647572  -16.605458    0.117    0.200  1
RGI60-06.00179     0.13229   65.817155  -18.500149    0.288    0.234  1
RGI60-06.00495     0.13167   65.161736  -13.917632   -0.112    0.368  1
RGI60-06.00546     0.13164   66.365217  -22.464822   -0.210    0.211  1
RGI60-06.00162     0.13109   66.092084  -18.159724    0.033    0.206  1
RGI60-06.00263     0.12839   64.649513  -19.221324   -0.814    0.315  1
RGI60-06.00274     0.12832   64.739805  -19.702517   -0.097    0.222  1
RGI60-06.00037     0.12812   65.715420  -18.998887   -0.469    0.261  1
RGI60-06.00149     0.12705   66.050548  -18.154498   -0.314    0.225  1
RGI60-06.00560     0.12602   64.105767  -17.073371   -0.373    0.208  1
RGI60-06.00249     0.12572   64.546464  -20.642892   -1.123    0.357  1
RGI60-06.00163     0.12527   66.096442  -18.021114   -0.226    0.281  1
RGI60-06.00131     0.12337   65.930262  -17.784523    0.195    0.218  1
RGI60-06.00136     0.12253   65.957052  -17.748155    0.114    0.255  1
RGI60-06.00083     0.12251   65.788955  -18.939888   -0.325    0.233  1
RGI60-06.00158     0.12225   66.077024  -18.030978   -0.480    0.277  1
RGI60-06.00091     0.12210   65.796046  -18.540740   -0.027    0.299  1
RGI60-06.00019     0.11860   65.684501  -18.712864   -0.303    0.242  1
RGI60-06.00419     0.11746   64.581161  -15.310748   -0.044    0.191  1
RGI60-06.00533     0.11733   64.988363  -14.131099   -0.209    0.342  1
RGI60-06.00139     0.11710   65.989509  -17.735134   -0.000    0.200  1
RGI60-06.00184     0.11657   65.562205  -19.084740   -0.647    0.295  1
RGI60-06.00114     0.11647   65.893545  -18.859911   -0.041    0.222  1
RGI60-06.00348     0.11517   64.003862  -19.641577    0.149    0.284  1
RGI60-06.00155     0.11400   66.069234  -17.979881   -0.069    0.230  1
RGI60-06.00496     0.11382   65.423432  -13.946034   -0.013    0.234  1
RGI60-06.00024     0.11305   65.699257  -18.719708   -0.042    0.230  1
RGI60-06.00226     0.11286   64.424373  -20.537118   -0.144    0.194  1
RGI60-06.00217     0.11168   65.610473  -18.351130   -0.040    0.224  1
RGI60-06.00042     0.10947   65.719150  -18.629717   -0.009    0.224  1
RGI60-06.00181     0.10943   65.549095  -19.010286   -0.002    0.221  1
RGI60-06.00376     0.10899   64.533349  -15.224933    0.265    0.329  1
RGI60-06.00358     0.10698   63.786147  -19.551677   -0.175    0.246  1
RGI60-06.00506     0.10605   64.542668  -14.991399   -0.009    0.221  1
RGI60-06.00370     0.10233   63.937375  -18.899993   -0.124    0.228  1
RGI60-06.00463     0.10126   64.382033  -15.792969    0.078    0.248  1
RGI60-06.00250     0.10117   64.614257  -20.947888   -0.335    0.245  1
RGI60-06.00038     0.10093   65.715608  -18.699589   -0.048    0.190  1
RGI60-06.00259     0.10030   64.636067  -19.300892   -0.169    0.206  1
RGI60-06.00401     0.09970   64.221978  -16.150851   -0.254    0.334  1
RGI60-06.00219     0.09911   65.631877  -19.151986   -0.113    0.244  1
RGI60-06.00501     0.09659   65.523588  -13.942972    0.853    0.415  1
RGI60-06.00018     0.09585   65.679603  -18.683327   -0.100    0.365  1
RGI60-06.00417     0.09549   64.179116  -16.129687   -0.071    0.207  1
RGI60-06.00065     0.09549   65.754465  -18.515091    0.251    0.281  1
RGI60-06.00485     0.09534   64.469161  -15.358696    0.308    0.279  1
RGI60-06.00490     0.09446   64.515391  -14.951872    0.085    0.272  1
RGI60-06.00164     0.09416   65.514945  -19.073800    0.203    0.282  1
RGI60-06.00154     0.09372   65.822469  -18.650017    0.085    0.232  1
RGI60-06.00353     0.09355   63.803858  -19.599584   -0.076    0.191  1
RGI60-06.00371     0.09274   63.942813  -18.950548   -0.296    0.264  1
RGI60-06.00386     0.09167   64.122675  -16.985280   -0.327    0.240  1
RGI60-06.00531     0.09084   64.968155  -14.272211   -0.405    0.364  1
RGI60-06.00255     0.09017   64.630656  -19.225162    0.118    0.210  1
RGI60-06.00218     0.09005   65.624264  -19.139939   -0.125    0.248  1
RGI60-06.00524     0.08978   64.895269  -14.073252    0.100    0.348  1
RGI60-06.00265     0.08970   64.639887  -19.241256   -0.096    0.206  1
RGI60-06.00264     0.08735   64.639726  -19.235454   -0.236    0.283  1
RGI60-06.00260     0.08651   64.646194  -19.215777   -0.084    0.262  1
RGI60-06.00023     0.08620   65.825864  -18.438563    0.011    0.291  1
RGI60-06.00095     0.08445   65.839484  -18.498390   -0.035    0.238  1
RGI60-06.00486     0.08219   64.471202  -15.350022   -0.059    0.257  1
RGI60-06.00367     0.08162   63.889820  -18.977404   -0.521    0.284  1
RGI60-06.00153     0.08045   66.065041  -18.232271   -0.285    0.303  1
RGI60-06.00125     0.07789   65.907510  -18.773255    0.014    0.235  1
RGI60-06.00016     0.07665   65.664366  -18.314236   -0.065    0.298  1
RGI60-06.00361     0.07455   63.894278  -19.110598   -0.618    0.388  1
RGI60-06.00157     0.07323   66.068167  -17.955277   -0.330    0.375  1
RGI60-06.00508     0.07150   65.588578  -14.780984    0.068    0.288  1
RGI60-06.00494     0.07109   64.515846  -14.963958    0.091    0.288  1
RGI60-06.00488     0.06991   64.511934  -14.958997   -0.091    0.240  1
RGI60-06.00426     0.06909   63.947005  -16.631970   -0.115    0.235  1
RGI60-06.00124     0.06852   65.905954  -18.782714   -0.140    0.321  1
RGI60-06.00449     0.06752   64.042640  -16.779016   -0.167    0.261  1
RGI60-06.00004     0.06673   64.803628  -23.820969    0.081    0.235  1
RGI60-06.00526     0.06577   64.926655  -14.276080   -0.524    0.365  1
RGI60-06.00178     0.06498   65.530871  -18.353597   -0.129    0.302  1
RGI60-06.00381     0.06470   64.361888  -15.734796    0.283    0.283  1
RGI60-06.00405     0.06224   64.190904  -16.214003   -0.026    0.226  1
RGI60-06.00030     0.06216   65.693011  -18.783335    0.099    0.225  1
RGI60-06.00262     0.06121   64.628865  -19.207390    0.112    0.223  1
RGI60-06.00185     0.06059   65.554517  -18.379773   -0.334    0.371  1
RGI60-06.00357     0.05969   63.786326  -19.560049    0.123    0.239  1
RGI60-06.00502     0.05858   65.525978  -13.917152    0.031    0.715  1
RGI60-06.00062     0.05737   65.847799  -18.940901    0.273    0.247  1
RGI60-06.00459     0.05698   64.165995  -16.171361   -0.400    0.374  1
RGI60-06.00282     0.05585   64.795830  -20.381406   -0.252    0.377  1
RGI60-06.00538     0.05577   65.943713  -23.177816   -0.231    0.419  1
RGI60-06.00493     0.05357   64.516341  -14.974559   -0.341    0.408  1
RGI60-06.00073     0.05315   65.760589  -18.739832    0.217    0.362  1
RGI60-06.00012     0.05195   65.641017  -18.331877   -0.741    0.454  1
RGI60-06.00145     0.05139   66.021547  -18.195118   -0.274    0.285  1
RGI60-06.00152     0.05080   66.056886  -18.243245   -0.515    0.491  1
RGI60-06.00111     0.04422   65.430498  -18.919709   -0.184    0.364  1
