Glacier-specific geodetic mass balance (m w.e. a-1) 2000_2020/ according to Hugonnet et al. (2021)
ID=1: measured, ID=2: regional mean
RGI-ID  Area  lat  lon  B  errB  ID
RGI60-09.00116  1411.83545   75.348597   60.167544   -0.023    0.068  1
RGI60-09.00918  1242.38652   80.735208   95.291746    0.039    0.054  1
RGI60-09.00969  1032.00564   80.530831   93.531900    0.052    0.063  1
RGI60-09.00065   956.43996   75.725158   62.379568   -0.211    0.065  1
RGI60-09.00920   828.77136   80.452329   96.001974   -0.692    0.093  1
RGI60-09.00077   757.11204   75.297901   58.641341   -0.323    0.083  1
RGI60-09.00911   706.65925   80.305455   93.799287    0.153    0.071  1
RGI60-09.00072   669.00742   76.463675   66.531398   -0.616    0.084  1
RGI60-09.00087   656.46366   75.884221   63.923718   -0.290    0.077  1
RGI60-09.00134   611.35807   75.717700   60.016771   -0.275    0.085  1
RGI60-09.00114   606.42870   75.601508   61.339472   -0.034    0.077  1
RGI60-09.00111   599.98411   76.138290   65.863064   -0.216    0.076  1
RGI60-09.00509   592.28758   79.004349   98.509406    0.027    0.089  1
RGI60-09.00094   582.87454   75.987927   64.617924   -0.087    0.078  1
RGI60-09.00697   511.62321   80.580496   50.433078   -0.470    0.069  1
RGI60-09.00471   506.68209   79.215112   95.785331    0.206    0.079  1
RGI60-09.00744   501.22631   80.550340   61.007386   -0.599    0.080  1
RGI60-09.00120   485.50706   74.890213   58.508028   -0.220    0.089  1
RGI60-09.00515   484.99270   79.715628   98.501579   -0.219    0.075  1
RGI60-09.00919   474.85967   80.586224   96.240806   -0.887    0.086  1
RGI60-09.00051   437.54109   74.990701   57.340500   -0.433    0.103  1
RGI60-09.00807   432.16729   80.857721   64.662927    0.105    0.069  1
RGI60-09.00136   431.11242   75.890871   61.281530   -0.240    0.095  1
RGI60-09.00470   418.68227   79.287081   96.480718    0.150    0.075  1
RGI60-09.00917   412.64787   80.287365   94.757195   -0.210    0.087  1
RGI60-09.00520   405.41514   81.127844   90.895030   -0.218    0.092  1
RGI60-09.00132   402.24038   75.090885   57.628402   -0.654    0.109  1
RGI60-09.00057   396.11572   75.556815   59.077217   -0.410    0.096  1
RGI60-09.00149   386.91304   76.733362   67.215102    0.261    0.081  1
RGI60-09.00055   382.77910   76.049940   65.315952   -0.189    0.084  1
RGI60-09.00059   372.92311   75.981617   62.723097   -0.087    0.080  1
RGI60-09.00118   367.14114   75.110231   59.265548   -0.194    0.089  1
RGI60-09.00060   367.09650   75.667432   59.407330   -0.251    0.087  1
RGI60-09.00113   360.02742   75.651556   61.837782    0.025    0.079  1
RGI60-09.00507   358.93350   79.045784   99.411682    0.005    0.086  1
RGI60-09.00512   356.14174   79.426909   98.094870    0.044    0.072  1
RGI60-09.00971   354.35686   79.306981   94.973531   -1.058    0.111  1
RGI60-09.00138   349.73234   76.049715   62.137486   -0.168    0.094  1
RGI60-09.00061   331.88778   75.997346   61.650748   -0.318    0.097  1
RGI60-09.00935   328.09182   76.058379   63.362555   -0.488    0.088  1
RGI60-09.00927   318.65834   75.798901   60.610744   -0.227    0.094  1
RGI60-09.00909   318.62239   80.816298   79.468891    0.006    0.077  1
RGI60-09.00952   316.09177   75.531496   60.631095    0.158    0.089  1
RGI60-09.00552   313.09587   78.514599  102.767193   -0.093    0.090  1
RGI60-09.00115   310.05125   75.481924   61.097916   -0.050    0.081  1
RGI60-09.00501   308.57052   79.422188   98.827160   -0.014    0.080  1
RGI60-09.00123   299.12873   74.600029   57.698548   -0.176    0.095  1
RGI60-09.00139   292.99836   76.148157   63.848934   -0.440    0.083  1
RGI60-09.00924   292.32572   75.161167   58.129705   -0.284    0.098  1
RGI60-09.00141   289.27785   76.243570   65.049035    0.062    0.078  1
RGI60-09.00921   288.14006   76.716537   67.717264    0.111    0.083  1
RGI60-09.00985   278.86533   80.887856   63.859511    0.160    0.074  1
RGI60-09.00915   275.38666   80.298568   95.560590   -0.984    0.126  1
RGI60-09.00498   274.14870   79.890980   97.262212   -0.130    0.089  1
RGI60-09.00468   268.58182   79.449968   95.800203    0.192    0.072  1
RGI60-09.00953   265.48400   75.014486   58.692201   -0.072    0.092  1
RGI60-09.00750   262.51742   80.730202   61.242035   -0.296    0.074  1
RGI60-09.00129   257.39829   74.782758   57.534759   -0.015    0.101  1
RGI60-09.00513   254.73102   79.559036   97.818867    0.059    0.084  1
RGI60-09.00544   254.16077   78.687085  102.418911    0.102    0.090  1
RGI60-09.00610   251.88167   80.318109   58.203611   -0.077    0.083  1
RGI60-09.00747   251.52143   80.622562   59.755553   -0.507    0.084  1
RGI60-09.00069   249.60028   75.459916   58.922319   -0.340    0.096  1
RGI60-09.00986   248.06422   80.768806   63.032143    0.242    0.076  1
RGI60-09.00611   246.43892   80.410980   58.270750   -0.122    0.085  1
RGI60-09.00073   237.74384   75.834656   63.260325   -0.104    0.090  1
RGI60-09.00064   233.58207   76.336160   65.540229   -0.139    0.084  1
RGI60-09.00062   230.94099   76.642911   66.880143   -0.370    0.087  1
RGI60-09.00965   229.54583   79.904512   96.582307   -0.072    0.098  1
RGI60-09.00071   222.99529   74.789371   58.227658   -0.120    0.098  1
RGI60-09.00066   222.82720   76.169683   64.393135   -0.502    0.089  1
RGI60-09.00352   221.02612   74.312547   56.240961   -0.423    0.101  1
RGI60-09.00997   220.09343   80.714663   60.323555   -0.097    0.076  1
RGI60-09.00743   218.68893   80.713344   61.872767   -0.272    0.078  1
RGI60-09.00112   211.16365   75.760821   62.919813   -0.157    0.090  1
RGI60-09.00708   203.04879   80.630699   46.094534   -0.065    0.081  1
RGI60-09.00912   202.33025   80.262221   96.518817   -0.056    0.117  1
RGI60-09.00895   186.31965   80.308015   57.477852   -0.111    0.089  1
RGI60-09.00987   181.61796   80.728569   63.845898    0.266    0.078  1
RGI60-09.00075   178.32178   76.529706   67.647941    0.107    0.078  1
RGI60-09.00484   177.94998   79.900190   93.083779   -0.234    0.102  1
RGI60-09.00516   171.72551   80.028580   96.893113    0.109    0.107  1
RGI60-09.00482   171.46994   79.885837   95.566666    0.005    0.099  1
RGI60-09.00972   170.88058   78.866541   98.970934   -0.150    0.107  1
RGI60-09.00053   164.76915   74.763166   57.155080   -0.249    0.102  1
RGI60-09.00056   162.32579   74.437215   57.314715   -0.324    0.103  1
RGI60-09.00514   156.73001   79.646043   97.630926    0.023    0.088  1
RGI60-09.00910   156.52023   80.333931   96.871759    0.052    0.111  1
RGI60-09.00500   146.58001   79.475610   99.292473    0.064    0.092  1
RGI60-09.00588   142.20374   80.270221   53.406954   -0.109    0.081  1
RGI60-09.00508   133.80425   78.916138   99.452874   -0.163    0.097  1
RGI60-09.00070   132.89282   76.579358   66.458117   -0.326    0.088  1
RGI60-09.00885   131.99847   80.132230   56.735826   -0.971    0.107  1
RGI60-09.00117   130.59930   75.222879   59.590063    0.200    0.105  1
RGI60-09.00491   129.92633   79.596941   99.160992    0.040    0.081  1
RGI60-09.00860   127.25230   81.771820   58.910939   -0.332    0.078  1
RGI60-09.00746   125.00753   80.505670   60.200229   -0.288    0.087  1
RGI60-09.00495   123.74176   80.033020   97.590893   -0.000    0.109  1
RGI60-09.00074   122.04288   76.397861   66.854354    0.013    0.097  1
RGI60-09.00518   122.00353   80.090516   94.095750   -0.095    0.098  1
RGI60-09.00481   121.80927   79.898799   95.044851    0.044    0.102  1
RGI60-09.00990   121.30100   80.998813   61.193932   -0.182    0.084  1
RGI60-09.00849   118.40872   81.421121   57.879586   -0.103    0.082  1
RGI60-09.00579   118.11030   78.416356  101.373203   -0.330    0.101  1
RGI60-09.00079   117.01900   74.513680   56.896041   -0.159    0.106  1
RGI60-09.00887   114.89882   80.211045   56.239127   -0.096    0.089  1
RGI60-09.00566   114.37903   78.827844  102.083571   -0.101    0.093  1
RGI60-09.00476   113.15073   79.611391   95.107541   -0.264    0.098  1
RGI60-09.00671   112.23455   80.390497   49.054947   -0.325    0.078  1
RGI60-09.00362   109.99496   74.218711   56.830506   -0.627    0.115  1
RGI60-09.00946   109.94849   76.841535   67.263790    0.018    0.088  1
RGI60-09.00576   109.88646   78.799958  101.566704   -0.309    0.098  1
RGI60-09.00122   106.18083   74.748204   57.926115    0.072    0.106  1
RGI60-09.00696   105.87108   80.549007   49.393584   -0.454    0.092  1
RGI60-09.00959   105.35076   80.338238   93.488438    0.101    0.091  1
RGI60-09.00991   105.33806   81.037238   60.698969   -0.305    0.090  1
RGI60-09.00808   105.00290   80.939805   60.682445   -0.526    0.091  1
RGI60-09.00864   104.63430   80.017707   50.914106   -0.766    0.097  1
RGI60-09.00884   103.71608   80.224186   56.891164    0.011    0.087  1
RGI60-09.00842   101.82373   79.996073   59.587867   -0.527    0.108  1
RGI60-09.01022   101.25547   80.682210   50.421258   -0.316    0.081  1
RGI60-09.00829   101.04902   81.253068   56.986807   -0.197    0.089  1
RGI60-09.00367    97.27642   74.243662   57.053038   -0.666    0.117  1
RGI60-09.00503    96.74813   79.205399   98.987233    0.061    0.102  1
RGI60-09.00569    96.29723   78.691324  103.434350    0.066    0.097  1
RGI60-09.01047    93.47302   80.719672   57.300713   -0.368    0.091  1
RGI60-09.00970    93.39066   79.385689   94.855513   -0.345    0.102  1
RGI60-09.00486    92.92872   79.757436   99.437442   -0.122    0.087  1
RGI60-09.00695    92.61323   80.462063   48.825802    0.004    0.078  1
RGI60-09.00589    89.06213   80.197368   53.197051   -0.317    0.087  1
RGI60-09.00898    87.81337   80.839651   56.857196   -0.225    0.089  1
RGI60-09.00923    87.80492   74.982155   56.886185   -0.653    0.126  1
RGI60-09.00977    87.56772   79.665794   99.162727    0.034    0.085  1
RGI60-09.00908    86.74387   80.543271   46.141790   -0.382    0.082  1
RGI60-09.00080    85.70301   76.234827   64.552966   -0.874    0.110  1
RGI60-09.00852    83.96709   80.155190   50.114117   -0.559    0.103  1
RGI60-09.00580    82.68661   78.437736  101.732466   -0.290    0.106  1
RGI60-09.00081    82.36057   76.111935   62.665710   -1.206    0.133  1
RGI60-09.00126    81.93953   74.594111   56.630073   -0.570    0.117  1
RGI60-09.00608    81.60897   80.184649   57.802189   -0.410    0.089  1
RGI60-09.00856    81.27868   81.613970   63.010573   -0.351    0.081  1
RGI60-09.01067    80.60436   81.458393   58.104169   -0.289    0.088  1
RGI60-09.00545    80.28125   78.603804  102.109346   -0.126    0.107  1
RGI60-09.00078    79.94270   74.902050   57.184617   -0.223    0.110  1
RGI60-09.00735    79.83592   80.767553   58.453829   -0.400    0.093  1
RGI60-09.00369    79.27132   74.357145   55.909189   -1.006    0.131  1
RGI60-09.00904    77.44419   80.629930   49.820218   -0.462    0.089  1
RGI60-09.00547    77.01608   78.647319  103.691314   -0.060    0.093  1
RGI60-09.00093    76.40904   76.430071   67.256104   -0.013    0.089  1
RGI60-09.01068    76.36469   81.823854   58.675712    0.054    0.077  1
RGI60-09.00765    74.75523   80.930807   57.414255   -0.234    0.091  1
RGI60-09.00088    74.47926   75.726866   59.005807   -1.791    0.166  1
RGI60-09.00567    74.18217   78.714308  104.189989   -0.023    0.095  1
RGI60-09.00472    73.99074   79.487102   95.223646   -0.045    0.097  1
RGI60-09.00144    73.01462   76.447543   65.553698   -0.298    0.092  1
RGI60-09.00568    72.70949   78.639351  102.955959   -0.044    0.105  1
RGI60-09.00981    72.70260   78.741576  101.807231   -0.259    0.105  1
RGI60-09.00083    71.80282   74.861038   56.941745   -0.495    0.115  1
RGI60-09.00519    71.22473   81.237368   95.596525   -0.368    0.113  1
RGI60-09.00886    71.20839   80.094146   56.355458   -0.200    0.091  1
RGI60-09.00086    71.12560   74.778870   56.818352   -0.738    0.122  1
RGI60-09.00926    71.10946   75.857518   60.685771   -0.125    0.109  1
RGI60-09.00119    70.07284   75.062597   58.907462   -0.076    0.107  1
RGI60-09.00795    68.79267   81.002722   55.431972   -0.172    0.092  1
RGI60-09.00546    66.06441   78.752831  103.899498   -0.067    0.097  1
RGI60-09.00818    66.06010   81.115113   50.711149    0.073    0.099  1
RGI60-09.00996    65.51919   80.486670   59.798421    0.002    0.097  1
RGI60-09.00487    65.24563   79.829073   99.293951    0.044    0.092  1
RGI60-09.00701    64.50832   80.676619   48.295392   -0.347    0.085  1
RGI60-09.00469    64.43060   79.447741   94.979121   -0.113    0.103  1
RGI60-09.01012    63.68338   80.697247   46.885782    0.002    0.089  1
RGI60-09.00096    63.07722   74.424467   57.755589   -0.486    0.116  1
RGI60-09.00792    63.00272   80.848927   56.328026   -0.393    0.096  1
RGI60-09.00897    61.93207   80.659560   56.252264   -0.306    0.094  1
RGI60-09.00664    61.55685   80.301804   47.226442   -0.251    0.089  1
RGI60-09.00571    61.26663   78.896408  101.644455   -0.200    0.103  1
RGI60-09.00575    60.74925   78.670054  101.962882   -0.223    0.109  1
RGI60-09.00511    60.38165   79.253992   98.471098    0.079    0.106  1
RGI60-09.00248    60.07981   74.003934   57.082550   -0.433    0.115  1
RGI60-09.00099    60.02515   74.542235   56.452701   -0.614    0.120  1
RGI60-09.00692    59.87301   80.404619   48.411778   -0.141    0.083  1
RGI60-09.00802    59.31476   80.898599   56.028238   -0.130    0.093  1
RGI60-09.00582    59.18935   78.310886  101.141400   -0.298    0.127  1
RGI60-09.00572    59.17473   78.575292  104.855249   -0.383    0.100  1
RGI60-09.00548    58.98694   78.601202  103.325622    0.032    0.102  1
RGI60-09.00672    58.88187   80.315389   48.474444   -0.350    0.090  1
RGI60-09.01066    58.49070   81.671836   63.019400   -0.222    0.085  1
RGI60-09.00976    58.21618   79.538380   99.325276   -0.066    0.091  1
RGI60-09.00577    57.26791   78.850361  101.195411    0.003    0.103  1
RGI60-09.00570    56.97183   78.641060  104.167001   -0.243    0.100  1
RGI60-09.01015    56.91340   80.620888   46.989801   -0.557    0.091  1
RGI60-09.00882    56.62153   80.266153   56.585554   -0.170    0.093  1
RGI60-09.00494    56.24265   80.093817   97.616861    0.213    0.130  1
RGI60-09.00091    55.68423   75.182032   59.410008    0.084    0.112  1
RGI60-09.00090    55.21382   76.285657   64.625849   -0.485    0.103  1
RGI60-09.00506    55.12868   79.148993   99.279604   -0.032    0.104  1
RGI60-09.00098    54.77064   76.330691   66.328421    0.045    0.112  1
RGI60-09.00483    54.62272   79.817698   95.373981    0.236    0.113  1
RGI60-09.00975    54.40262   79.286133   98.824239    0.080    0.110  1
RGI60-09.00803    54.40089   81.003200   54.922347   -0.211    0.095  1
RGI60-09.00648    53.82420   80.681053   56.764150   -0.413    0.098  1
RGI60-09.00801    53.56991   80.781020   57.472490   -0.901    0.114  1
RGI60-09.00840    53.34180   81.336135   56.695518   -0.393    0.099  1
RGI60-09.00578    53.17597   78.904886  101.218547   -0.123    0.102  1
RGI60-09.00709    53.07823   80.814874   55.221795   -0.222    0.095  1
RGI60-09.00862    52.92208   79.948119   51.075399   -0.710    0.099  1
RGI60-09.00128    51.98073   74.586285   57.172297   -0.274    0.122  1
RGI60-09.00947    51.80192   76.281227   66.152906    0.231    0.119  1
RGI60-09.00684    51.73553   80.246615   48.102311   -0.254    0.089  1
RGI60-09.00968    51.24328   79.723534   97.833828    0.012    0.099  1
RGI60-09.00703    50.39978   80.559137   46.558315   -0.164    0.085  1
RGI60-09.00095    50.13988   76.746213   66.649348   -0.469    0.099  1
RGI60-09.00092    49.53341   76.364250   65.046100   -0.454    0.103  1
RGI60-09.00857    49.12274   81.768336   58.207469   -0.022    0.084  1
RGI60-09.00841    48.91701   81.324183   58.918371    0.047    0.093  1
RGI60-09.01061    48.65478   81.371415   59.073806   -0.083    0.095  1
RGI60-09.00745    48.10435   80.435611   60.709576    0.002    0.096  1
RGI60-09.00127    47.79523   74.558722   56.256008   -0.592    0.122  1
RGI60-09.00914    47.05299   80.192617   95.206723    0.139    0.125  1
RGI60-09.00843    46.91131   79.981572   59.178716   -0.111    0.104  1
RGI60-09.00561    46.68420   78.757192  103.517286   -0.090    0.102  1
RGI60-09.01064    46.08434   81.621014   63.542694   -0.156    0.087  1
RGI60-09.00698    45.26441   80.730011   50.772536   -0.156    0.086  1
RGI60-09.01020    45.21635   80.687474   49.990579   -0.016    0.090  1
RGI60-09.00097    44.98475   75.212674   57.652655   -0.266    0.118  1
RGI60-09.00787    44.14173   80.774776   56.954908   -0.590    0.106  1
RGI60-09.00734    43.26134   80.812135   58.805048   -0.355    0.099  1
RGI60-09.00815    42.96317   81.185354   57.536621   -0.074    0.102  1
RGI60-09.00853    42.46274   80.110530   49.835298   -0.247    0.104  1
RGI60-09.00554    42.29430   78.571753  103.137324    0.063    0.109  1
RGI60-09.00937    42.07179   76.227516   63.881256   -0.633    0.107  1
RGI60-09.00699    41.97806   80.744890   51.148743   -0.159    0.087  1
RGI60-09.00670    41.33334   80.398040   49.591418   -0.311    0.089  1
RGI60-09.00874    41.26089   80.250164   54.254433   -0.207    0.088  1
RGI60-09.00499    41.18305   79.706464   99.293700    0.027    0.094  1
RGI60-09.00798    40.88853   80.985576   56.007566   -0.327    0.099  1
RGI60-09.00778    40.76074   80.922194   57.821620   -0.356    0.100  1
RGI60-09.00896    40.20334   80.060361   59.576482   -0.470    0.117  1
RGI60-09.00691    39.81257   80.320867   48.217948   -0.092    0.092  1
RGI60-09.00694    39.60734   80.504760   48.164062   -0.078    0.089  1
RGI60-09.00916    39.38563   80.221497   95.377061    0.076    0.128  1
RGI60-09.00943    39.26540   76.629175   66.192933   -0.485    0.103  1
RGI60-09.00929    39.03000   75.905956   60.743995   -0.594    0.127  1
RGI60-09.01050    38.76864   80.959069   55.411134   -0.170    0.099  1
RGI60-09.00510    38.58278   79.199686   98.600580    0.153    0.111  1
RGI60-09.00517    38.51642   80.109970   97.164672    0.033    0.123  1
RGI60-09.00992    38.05710   80.835257   61.733958   -0.234    0.094  1
RGI60-09.00854    37.77201   80.174925   49.820585   -0.429    0.112  1
RGI60-09.00789    37.73804   80.930689   56.446422   -0.051    0.098  1
RGI60-09.00902    37.52560   81.669104   62.457143   -0.213    0.090  1
RGI60-09.01017    37.36789   80.690878   48.506302   -0.019    0.089  1
RGI60-09.00844    37.03851   80.052841   59.217587   -0.179    0.111  1
RGI60-09.01065    36.79556   81.673898   63.467181   -0.161    0.094  1
RGI60-09.00966    36.78842   79.847851   98.852777   -0.020    0.093  1
RGI60-09.01058    36.37843   81.013248   58.233562   -0.236    0.102  1
RGI60-09.00848    36.34253   81.506320   57.421327   -0.295    0.091  1
RGI60-09.00956    36.33907   74.675752   57.612525    0.079    0.118  1
RGI60-09.00850    36.29646   81.555877   62.039446   -0.032    0.097  1
RGI60-09.00950    36.08978   75.492590   61.311793   -0.069    0.101  1
RGI60-09.01014    36.02096   80.651659   47.171687   -0.563    0.097  1
RGI60-09.00368    35.55169   74.237280   56.546133   -0.687    0.128  1
RGI60-09.00679    35.42599   80.132403   48.152774   -0.279    0.103  1
RGI60-09.00678    35.30702   80.199513   48.540197   -0.329    0.096  1
RGI60-09.00551    35.30052   78.540224  105.062909   -0.405    0.111  1
RGI60-09.00686    35.22236   80.223209   47.127504   -0.350    0.092  1
RGI60-09.00361    35.19948   74.337602   56.748540   -0.289    0.121  1
RGI60-09.00988    34.60119   81.076554   61.211501    0.003    0.110  1
RGI60-09.00932    34.24110   76.078694   61.696457   -0.578    0.126  1
RGI60-09.00527    34.11621   78.698234  100.938948   -0.104    0.123  1
RGI60-09.00675    33.86623   80.205620   48.841442   -0.133    0.101  1
RGI60-09.00496    33.75776   79.972459   97.706156   -0.104    0.113  1
RGI60-09.00736    33.67644   80.805103   58.166147   -0.336    0.102  1
RGI60-09.01004    33.65949   80.428621   57.412946   -0.167    0.107  1
RGI60-09.00591    33.26573   80.222090   52.587344   -0.075    0.104  1
RGI60-09.00651    32.89794   80.717157   55.985962   -0.419    0.104  1
RGI60-09.00941    32.56469   76.464966   65.846045   -0.867    0.120  1
RGI60-09.00493    32.54072   80.138944   97.497459    0.146    0.135  1
RGI60-09.01062    32.34813   81.373743   58.738719    0.046    0.107  1
RGI60-09.00553    32.12824   78.624872  104.569806   -0.320    0.107  1
RGI60-09.00777    32.01190   80.979959   57.523673   -0.125    0.100  1
RGI60-09.00913    31.81274   80.180729   94.281170    0.002    0.104  1
RGI60-09.00705    31.68477   80.558694   45.689346   -0.560    0.099  1
RGI60-09.00528    31.30408   78.713508  100.703940   -0.112    0.124  1
RGI60-09.00901    31.23848   81.522566   57.685563   -0.114    0.095  1
RGI60-09.00831    31.22102   81.227561   56.278280   -0.090    0.105  1
RGI60-09.00960    30.74155   80.042648   96.481457   -0.108    0.125  1
RGI60-09.00674    30.61711   80.253646   48.719003   -0.195    0.101  1
RGI60-09.00933    30.61274   76.056101   63.061074   -0.089    0.107  1
RGI60-09.00100    30.50187   76.011830   61.369788   -0.238    0.122  1
RGI60-09.00797    30.34492   80.922837   55.726598   -0.069    0.101  1
RGI60-09.00752    29.58202   80.863609   50.795628   -0.169    0.092  1
RGI60-09.00693    29.24077   80.464771   48.260406   -0.054    0.097  1
RGI60-09.00839    29.22428   81.289375   56.718777   -0.311    0.106  1
RGI60-09.00812    28.70700   81.153102   57.718274   -0.143    0.110  1
RGI60-09.00774    28.52916   81.056055   56.849731   -0.012    0.111  1
RGI60-09.00922    28.41528   75.745688   59.543747   -0.033    0.114  1
RGI60-09.00125    27.91535   74.450609   56.988914    0.190    0.122  1
RGI60-09.00254    26.99343   73.555555   55.415478   -0.683    0.132  1
RGI60-09.00262    26.96047   73.519481   56.343080   -0.802    0.133  1
RGI60-09.00863    26.94343   79.951648   50.542847   -0.216    0.096  1
RGI60-09.00930    26.75417   75.867637   60.937639   -0.213    0.127  1
RGI60-09.00771    26.29340   80.854730   57.732988   -0.382    0.106  1
RGI60-09.00737    26.17180   80.833607   58.390297   -0.851    0.120  1
RGI60-09.00650    25.97160   80.665809   55.893745   -0.153    0.103  1
RGI60-09.00725    25.81810   80.794730   54.803604   -0.212    0.104  1
RGI60-09.01045    25.57607   80.953141   56.253988   -0.056    0.103  1
RGI60-09.00121    25.32062   74.707405   58.227783   -0.305    0.125  1
RGI60-09.00655    25.15916   80.235582   47.370660   -0.286    0.096  1
RGI60-09.00488    25.07546   79.382160   99.505949    0.023    0.111  1
RGI60-09.00984    24.92130   81.004135   64.904152    0.013    0.106  1
RGI60-09.00165    24.90009   73.030798   54.598669   -0.693    0.130  1
RGI60-09.00759    24.79305   81.000944   58.570388   -0.088    0.104  1
RGI60-09.00585    24.70757   80.187671   52.862125   -0.502    0.105  1
RGI60-09.00642    24.65754   80.722593   56.287336   -0.117    0.104  1
RGI60-09.00101    24.62180   74.802577   58.630786   -0.291    0.117  1
RGI60-09.00689    24.59203   80.335626   47.053683    0.089    0.094  1
RGI60-09.00934    24.37051   76.141880   63.446577   -0.547    0.112  1
RGI60-09.00973    24.33937   78.858386   99.329601   -0.260    0.114  1
RGI60-09.00851    24.28147   81.604638   58.516887   -0.255    0.098  1
RGI60-09.00681    24.07954   80.114740   47.819645   -0.056    0.103  1
RGI60-09.00702    24.01353   80.579436   46.813884   -0.355    0.097  1
RGI60-09.00948    23.96694   75.974047   65.148278   -0.149    0.112  1
RGI60-09.00690    23.77051   80.284581   47.608057   -0.245    0.104  1
RGI60-09.00657    23.27348   80.502426   48.466935    0.048    0.097  1
RGI60-09.00793    23.02279   81.071384   54.749562    0.051    0.116  1
RGI60-09.00574    22.95238   78.642886  103.951033   -0.164    0.109  1
RGI60-09.00989    22.57258   80.978209   60.355921   -0.258    0.106  1
RGI60-09.00714    22.47081   80.824030   54.892747   -0.030    0.105  1
RGI60-09.00827    22.36266   81.313585   57.329298   -0.335    0.100  1
RGI60-09.00820    22.28224   81.288286   60.068900   -0.207    0.104  1
RGI60-09.00550    22.10772   78.661990  104.764771   -0.061    0.107  1
RGI60-09.00656    22.07655   80.198121   48.241951   -0.235    0.096  1
RGI60-09.00669    21.91156   80.735288   51.387479   -0.064    0.096  1
RGI60-09.00269    21.80067   73.471347   56.239043   -0.572    0.130  1
RGI60-09.00373    21.19580   74.150870   57.182670   -0.622    0.134  1
RGI60-09.00837    21.01084   81.266708   55.995548    0.135    0.107  1
RGI60-09.00555    20.78879   78.815812  101.214490   -0.105    0.117  1
RGI60-09.00497    20.77659   79.876410   98.939701   -0.098    0.098  1
RGI60-09.00201    20.50813   73.006035   55.021289   -0.663    0.134  1
RGI60-09.00458    20.39024   79.059535  101.855420   -0.110    0.110  1
RGI60-09.00748    20.37249   80.772921   60.769599   -0.196    0.101  1
RGI60-09.00630    20.30842   80.456331   54.202035   -0.428    0.116  1
RGI60-09.00951    20.21794   75.536840   61.742133   -0.233    0.107  1
RGI60-09.01016    20.18898   80.740896   48.222485   -0.274    0.104  1
RGI60-09.00556    20.16825   78.783515  103.663701   -0.121    0.107  1
RGI60-09.00707    20.09506   80.568117   45.423173   -0.796    0.117  1
RGI60-09.00573    20.07335   78.635748  104.404185   -0.301    0.112  1
RGI60-09.00826    19.78258   81.354765   56.897280   -0.213    0.106  1
RGI60-09.01018    19.72468   81.148047   50.606806   -0.025    0.116  1
RGI60-09.01063    19.60383   81.274664   60.367179   -0.252    0.106  1
RGI60-09.00301    19.20893   73.990194   55.671182   -0.535    0.128  1
RGI60-09.00730    19.06778   80.829113   54.489022    0.121    0.107  1
RGI60-09.01026    19.06148   79.933086   50.939392   -0.383    0.099  1
RGI60-09.00523    19.01476   78.528506  101.983669   -0.284    0.117  1
RGI60-09.00846    18.92029   81.492576   57.108306   -0.091    0.097  1
RGI60-09.00505    18.82396   79.180859   99.326916   -0.025    0.112  1
RGI60-09.01029    18.73433   80.279452   52.971201   -0.390    0.111  1
RGI60-09.00978    18.59006   79.331820   99.334141   -0.107    0.117  1
RGI60-09.00822    18.52007   81.247159   56.586314   -0.031    0.111  1
RGI60-09.00490    18.44307   79.348518   99.530836   -0.025    0.119  1
RGI60-09.00645    18.44060   80.633329   56.699117   -0.183    0.108  1
RGI60-09.00727    18.27074   80.808382   54.265579   -0.469    0.112  1
RGI60-09.00264    18.16538   73.621122   56.349148   -0.949    0.148  1
RGI60-09.00275    18.07893   73.693729   56.025237   -0.847    0.143  1
RGI60-09.00549    18.06266   78.624589  105.022938   -0.281    0.110  1
RGI60-09.00836    18.00070   81.235162   55.753291    0.086    0.114  1
RGI60-09.00784    17.85431   81.047218   56.682649    0.024    0.112  1
RGI60-09.00502    17.72030   79.261098   98.984575   -0.002    0.123  1
RGI60-09.00168    17.58797   73.077495   53.871428   -0.825    0.145  1
RGI60-09.00459    17.57546   79.077170  101.701008   -0.162    0.119  1
RGI60-09.00634    17.49645   80.517821   53.377236   -0.104    0.108  1
RGI60-09.00489    17.48041   79.418785   99.515443    0.056    0.115  1
RGI60-09.00253    17.47824   73.554304   55.215482   -0.707    0.134  1
RGI60-09.00979    17.43474   78.918018  101.380361    0.025    0.117  1
RGI60-09.00103    17.39072   74.467007   57.724472   -0.240    0.128  1
RGI60-09.00944    17.36765   76.660616   66.264229   -0.219    0.109  1
RGI60-09.00715    17.33674   80.759477   55.031032   -0.279    0.110  1
RGI60-09.00559    17.16100   78.895488  101.817956   -0.140    0.113  1
RGI60-09.00626    17.13405   80.492341   54.220311   -0.307    0.111  1
RGI60-09.00557    16.91158   78.696155  104.707452   -0.111    0.113  1
RGI60-09.00816    16.90302   81.202528   59.221433   -0.177    0.108  1
RGI60-09.00607    16.83918   80.194156   58.324359   -0.331    0.109  1
RGI60-09.00764    16.83553   81.050393   58.182726   -0.179    0.120  1
RGI60-09.00753    16.77503   80.858456   50.557438   -0.082    0.103  1
RGI60-09.00154    16.75713   73.049998   54.322115   -0.464    0.134  1
RGI60-09.00809    16.48643   81.149277   57.269425   -0.033    0.120  1
RGI60-09.00319    16.20276   74.046934   56.547865   -0.626    0.130  1
RGI60-09.00871    15.92116   80.169572   60.100185   -0.258    0.120  1
RGI60-09.00983    15.84397   78.745117  100.815739   -0.029    0.131  1
RGI60-09.00104    15.74152   75.466330   58.179211   -0.426    0.134  1
RGI60-09.00883    15.68164   80.312970   56.922391   -0.338    0.114  1
RGI60-09.00868    15.54013   80.047248   49.440344   -0.369    0.117  1
RGI60-09.00622    15.47977   80.483735   54.965646   -0.106    0.114  1
RGI60-09.00107    15.43534   75.683184   58.786427   -0.427    0.134  1
RGI60-09.01023    15.40422   80.373386   48.139461   -0.118    0.102  1
RGI60-09.00832    15.33662   81.213189   55.988571   -0.061    0.112  1
RGI60-09.01046    15.23264   81.057881   54.966251   -0.540    0.119  1
RGI60-09.00994    15.07677   80.744525   59.816228   -0.202    0.111  1
RGI60-09.00153    15.06136   73.939200   56.353289   -1.047    0.153  1
RGI60-09.00775    15.04784   81.017382   57.228439   -0.246    0.116  1
RGI60-09.00907    15.00124   80.469104   46.270113   -0.144    0.101  1
RGI60-09.00688    14.87036   80.303522   46.881775    0.120    0.100  1
RGI60-09.00847    14.83198   81.460774   57.247447   -0.068    0.101  1
RGI60-09.00783    14.82900   81.003526   57.043060   -0.175    0.113  1
RGI60-09.00194    14.79324   73.230856   55.507450   -0.960    0.149  1
RGI60-09.00754    14.59217   80.892812   50.697901   -0.091    0.110  1
RGI60-09.00581    14.58926   78.682629  104.550431   -0.141    0.114  1
RGI60-09.00888    14.52435   80.306439   56.130456   -0.213    0.115  1
RGI60-09.00900    14.39787   81.388244   56.643512    0.067    0.111  1
RGI60-09.00106    14.38054   75.421746   58.046291   -0.334    0.131  1
RGI60-09.00877    14.27962   80.269084   55.391787   -0.256    0.111  1
RGI60-09.00654    14.27827   80.283409   47.961197   -0.134    0.107  1
RGI60-09.00906    14.06720   80.371811   47.919821   -0.189    0.102  1
RGI60-09.00425    14.05830   73.037201   54.176836   -0.618    0.140  1
RGI60-09.00903    14.02189   80.742225   50.118340    0.083    0.105  1
RGI60-09.00130    13.94538   74.841787   56.756799   -0.466    0.136  1
RGI60-09.00181    13.91774   73.182557   55.240047   -1.094    0.157  1
RGI60-09.00592    13.90229   80.333070   53.004008   -0.340    0.124  1
RGI60-09.00317    13.88497   74.082332   56.625326   -0.683    0.135  1
RGI60-09.01044    13.84885   80.718668   56.517172   -0.173    0.112  1
RGI60-09.00704    13.75186   80.510222   46.381884   -0.186    0.103  1
RGI60-09.00102    13.68265   74.587294   56.907392   -0.523    0.139  1
RGI60-09.00889    13.61637   80.304125   56.347674   -0.045    0.118  1
RGI60-09.00998    13.60864   80.409402   61.012671   -0.039    0.113  1
RGI60-09.00374    13.55314   74.183841   56.619469   -0.571    0.134  1
RGI60-09.00680    13.54233   80.083435   47.907050   -0.058    0.118  1
RGI60-09.00446    13.49796   78.986865  102.487360   -0.208    0.121  1
RGI60-09.00845    13.39732   81.459337   57.014087    0.151    0.107  1
RGI60-09.00124    13.28664   74.507869   57.689027   -0.288    0.132  1
RGI60-09.00646    13.20155   80.634062   56.472605   -0.412    0.116  1
RGI60-09.00949    13.16233   75.900802   64.472574   -0.051    0.118  1
RGI60-09.00936    12.97737   76.182643   63.718584   -0.104    0.112  1
RGI60-09.00800    12.93960   80.825298   57.322207   -0.299    0.114  1
RGI60-09.00810    12.93095   81.126876   57.420888   -0.339    0.126  1
RGI60-09.00719    12.91798   80.770846   55.587969   -0.337    0.115  1
RGI60-09.01060    12.90883   81.277996   55.799033    0.124    0.112  1
RGI60-09.00370    12.88127   74.122707   57.142380   -0.369    0.135  1
RGI60-09.00164    12.77297   73.091842   54.645624   -0.552    0.138  1
RGI60-09.00627    12.76019   80.524132   54.201830   -0.295    0.115  1
RGI60-09.01031    12.61057   80.245005   52.736236   -0.241    0.111  1
RGI60-09.00586    12.51609   80.214264   53.492378   -0.357    0.106  1
RGI60-09.00270    12.41361   73.548196   56.304856   -0.568    0.139  1
RGI60-09.00716    12.40949   80.765526   55.370449   -0.210    0.114  1
RGI60-09.00982    12.25976   78.789177  101.226109   -0.223    0.126  1
RGI60-09.00823    12.00775   81.342374   57.136241   -0.187    0.111  1
RGI60-09.00676    11.98407   80.169080   48.851086   -0.233    0.118  1
RGI60-09.00460    11.94892   79.089537  102.051734   -0.087    0.122  1
RGI60-09.01002    11.84951   80.015432   59.042562    0.075    0.124  1
RGI60-09.00804    11.79995   81.004837   54.559263    0.013    0.114  1
RGI60-09.00788    11.70642   80.901570   56.555312   -0.120    0.114  1
RGI60-09.01013    11.68040   80.587800   45.209842    0.465    0.130  1
RGI60-09.01008    11.59100   80.111585   56.039484    0.913    0.134  1
RGI60-09.00247    11.56011   74.033064   57.002185   -0.483    0.138  1
RGI60-09.00673    11.52059   80.258695   48.515807   -0.166    0.118  1
RGI60-09.00521    11.37998   78.785589  104.506328   -0.169    0.115  1
RGI60-09.00355    11.32795   74.275968   57.179476   -0.604    0.143  1
RGI60-09.00185    11.30740   72.977795   54.353277   -0.974    0.151  1
RGI60-09.00602    11.27658   80.167236   57.437827   -0.461    0.119  1
RGI60-09.00131    11.26915   75.118050   57.044844   -0.730    0.165  1
RGI60-09.01027    11.16606   80.193737   52.666642   -0.006    0.109  1
RGI60-09.00412    11.02505   75.150099   59.783638   -0.774    0.146  1
RGI60-09.00587    11.00590   80.365635   53.134830   -0.096    0.126  1
RGI60-09.00861    10.91056   81.710353   58.209529   -0.094    0.105  1
RGI60-09.00925    10.85453   75.774588   60.370872   -0.269    0.137  1
RGI60-09.00805    10.56285   81.037421   54.610548    0.055    0.115  1
RGI60-09.00492    10.55714   79.448360   99.593737    0.023    0.122  1
RGI60-09.00260    10.28452   73.596771   55.183733   -0.970    0.152  1
RGI60-09.00687    10.26536   80.272124   46.885260   -0.090    0.106  1
RGI60-09.00760    10.24149   80.955991   58.492835   -0.097    0.116  1
RGI60-09.00636    10.17352   80.594165   57.673573   -0.132    0.117  1
RGI60-09.01034    10.04555   80.522195   53.458467   -0.110    0.117  1
RGI60-09.00974    10.01866   78.931121   99.777421   -0.097    0.124  1
RGI60-09.00814     9.96279   81.133734   57.161961   -0.128    0.129  1
RGI60-09.00945     9.76180   76.701392   66.547309   -0.147    0.116  1
RGI60-09.00345     9.69124   73.085964   55.106025   -0.553    0.143  1
RGI60-09.00939     9.67398   76.399079   65.089367   -0.954    0.148  1
RGI60-09.00685     9.63941   80.253675   47.608691   -0.279    0.111  1
RGI60-09.00720     9.52478   80.762163   55.210104   -0.214    0.118  1
RGI60-09.00027     9.49789   76.531346   66.233725   -0.420    0.121  1
RGI60-09.00558     9.46440   78.747457  104.952725    0.025    0.124  1
RGI60-09.00813     9.28946   81.116506   57.595014   -0.306    0.131  1
RGI60-09.00931     9.24104   75.994420   61.181340   -0.244    0.138  1
RGI60-09.00995     9.22660   80.756969   60.556765   -0.152    0.113  1
RGI60-09.00158     9.14692   73.083653   54.319351   -0.715    0.151  1
RGI60-09.00478     9.03153   78.515153  101.189378   -0.529    0.135  1
RGI60-09.00281     8.94282   73.804639   56.625467   -0.746    0.148  1
RGI60-09.00058     8.93908   75.557982   58.598961   -0.252    0.139  1
RGI60-09.00961     8.90847   80.070274   97.115313   -0.032    0.138  1
RGI60-09.01010     8.89593   80.249163   55.207670   -0.125    0.116  1
RGI60-09.00660     8.85434   80.117753   48.413555   -0.309    0.116  1
RGI60-09.00541     8.83588   78.908371  102.345901   -0.345    0.125  1
RGI60-09.00466     8.82416   79.139779  102.137440   -0.195    0.124  1
RGI60-09.00838     8.78605   81.257760   56.245726    0.081    0.119  1
RGI60-09.00110     8.75930   74.630730   56.420603   -0.555    0.146  1
RGI60-09.00265     8.67123   73.581381   56.358577   -0.599    0.146  1
RGI60-09.00372     8.56117   74.311283   57.040993   -0.661    0.149  1
RGI60-09.00875     8.53383   80.279062   55.274149   -0.242    0.118  1
RGI60-09.00339     8.50007   74.344691   57.563055   -0.477    0.143  1
RGI60-09.00288     8.50002   73.798884   55.735395   -0.670    0.150  1
RGI60-09.00462     8.45838   79.091970  101.924997   -0.089    0.130  1
RGI60-09.00830     8.43442   81.182483   56.484860    0.061    0.130  1
RGI60-09.00560     8.42206   78.770967  105.010925   -0.052    0.129  1
RGI60-09.00398     8.42087   73.912449   55.774561   -0.715    0.149  1
RGI60-09.00632     8.36922   80.480622   53.974709   -0.280    0.121  1
RGI60-09.00723     8.29120   80.748929   54.831100   -0.176    0.119  1
RGI60-09.00461     8.26686   79.098882  101.770482   -0.107    0.128  1
RGI60-09.00749     8.22937   80.787004   60.949582   -0.064    0.109  1
RGI60-09.00658     8.21843   80.185583   47.175553   -0.396    0.116  1
RGI60-09.00779     8.21516   80.920474   58.140804   -0.043    0.118  1
RGI60-09.00964     8.21073   79.884594   97.670422    0.077    0.126  1
RGI60-09.00967     8.15404   79.779261   97.932990   -0.006    0.126  1
RGI60-09.00635     8.13776   79.904859   59.888871    0.036    0.137  1
RGI60-09.00625     8.06323   80.510106   54.869216   -0.594    0.128  1
RGI60-09.00504     8.05404   79.204106   99.287064   -0.029    0.125  1
RGI60-09.00612     8.03916   80.443249   54.710348   -0.349    0.132  1
RGI60-09.00790     7.97672   80.809590   56.606263   -0.352    0.123  1
RGI60-09.00108     7.97558   74.394549   57.434463   -0.520    0.144  1
RGI60-09.00776     7.94916   81.014236   57.477871    0.035    0.124  1
RGI60-09.00357     7.83279   74.181981   56.734341   -0.870    0.162  1
RGI60-09.01033     7.81862   80.266267   52.819580   -0.088    0.118  1
RGI60-09.00307     7.80698   73.900278   56.398855   -0.694    0.148  1
RGI60-09.00782     7.79719   80.975311   57.065716    0.013    0.120  1
RGI60-09.00596     7.79580   80.388865   56.042553   -0.377    0.125  1
RGI60-09.00465     7.77017   79.105223  102.189263   -0.144    0.124  1
RGI60-09.00980     7.75816   78.715828  101.534540   -0.467    0.137  1
RGI60-09.01001     7.75595   79.953337   59.397060   -0.010    0.132  1
RGI60-09.00309     7.67192   74.084905   56.783660   -0.773    0.146  1
RGI60-09.00865     7.64233   80.045127   49.604337   -0.230    0.117  1
RGI60-09.00526     7.62001   78.742039  100.951276    0.007    0.143  1
RGI60-09.00834     7.52617   81.204555   55.723480    0.112    0.136  1
RGI60-09.00729     7.35755   80.839412   54.197855   -0.019    0.121  1
RGI60-09.01042     7.31083   80.844927   54.661175   -0.127    0.122  1
RGI60-09.00958     7.29885   80.262200   97.241875   -0.306    0.155  1
RGI60-09.00303     7.29457   74.021574   55.637360   -1.253    0.178  1
RGI60-09.00659     7.19072   80.246836   46.996770   -1.146    0.144  1
RGI60-09.00683     7.14871   80.161715   48.092611   -0.109    0.115  1
RGI60-09.00240     7.06888   73.523543   54.536147   -0.504    0.141  1
RGI60-09.00766     7.00921   80.868850   57.417247   -0.150    0.122  1
RGI60-09.01011     6.98955   80.608895   57.643877   -0.188    0.129  1
RGI60-09.00320     6.92599   74.040955   56.463139   -0.684    0.147  1
RGI60-09.00525     6.91191   78.691083  101.223025   -0.302    0.145  1
RGI60-09.00613     6.87804   80.409766   54.692951   -0.688    0.144  1
RGI60-09.00485     6.86387   78.533683  101.469066   -0.391    0.135  1
RGI60-09.00876     6.85328   80.302944   55.385824   -0.307    0.123  1
RGI60-09.00957     6.82337   80.291993   97.287000   -0.005    0.156  1
RGI60-09.01021     6.71051   80.721832   51.623164   -0.276    0.116  1
RGI60-09.00266     6.65916   73.650237   56.431963   -0.921    0.160  1
RGI60-09.01006     6.58300   80.301211   56.775304   -0.293    0.126  1
RGI60-09.00029     6.58182   74.458438   56.835522   -0.530    0.152  1
RGI60-09.00155     6.52280   73.034643   54.434556   -0.552    0.152  1
RGI60-09.00762     6.49974   80.970682   58.312586   -0.011    0.123  1
RGI60-09.00448     6.49386   78.958679  102.503682   -0.223    0.133  1
RGI60-09.00597     6.45418   79.953762   58.619986   -0.171    0.133  1
RGI60-09.00858     6.40047   81.723458   58.076384   -0.030    0.115  1
RGI60-09.00605     6.36653   80.140708   57.638941   -0.241    0.124  1
RGI60-09.00030     6.35998   75.936163   60.687848   -0.127    0.145  1
RGI60-09.00584     6.33829   80.365370   53.319970   -0.112    0.136  1
RGI60-09.00563     6.32930   78.610077  105.092885   -0.141    0.129  1
RGI60-09.00147     6.31624   76.500673   65.705964   -0.278    0.125  1
RGI60-09.00755     6.30472   81.064924   58.295078   -0.142    0.139  1
RGI60-09.00780     6.28858   80.847840   57.543513   -0.265    0.125  1
RGI60-09.00197     6.28620   73.224514   55.363883   -1.013    0.166  1
RGI60-09.01041     6.27181   80.847245   54.335179   -0.153    0.124  1
RGI60-09.00772     6.26567   80.873051   57.898349   -0.333    0.126  1
RGI60-09.00353     6.24844   74.331831   56.897718   -0.637    0.158  1
RGI60-09.00323     6.15292   74.100081   56.127354   -0.406    0.144  1
RGI60-09.01069     6.09624   80.149402   36.744288   -0.007    0.218  1
RGI60-09.00356     6.03235   74.413705   56.214075   -0.614    0.153  1
RGI60-09.00522     5.98672   78.761417  104.434090    0.002    0.133  1
RGI60-09.00993     5.98244   80.770247   61.036361   -0.005    0.117  1
RGI60-09.01038     5.92655   80.523348   54.052655   -0.133    0.125  1
RGI60-09.00532     5.90964   78.879249  103.688862    0.079    0.134  1
RGI60-09.00302     5.89833   73.970738   55.584768   -0.763    0.152  1
RGI60-09.00428     5.88439   73.039341   54.047595   -0.638    0.154  1
RGI60-09.00394     5.85317   74.820595   56.610760   -0.991    0.166  1
RGI60-09.00738     5.85089   80.857417   58.564017   -0.266    0.127  1
RGI60-09.00717     5.74026   80.800474   54.539322   -0.204    0.126  1
RGI60-09.00285     5.71914   73.770851   56.658216   -0.666    0.150  1
RGI60-09.00160     5.59755   73.052662   54.534486   -0.493    0.152  1
RGI60-09.00354     5.55248   74.367388   56.688528   -0.613    0.157  1
RGI60-09.00439     5.55014   75.450603   58.007213   -0.437    0.151  1
RGI60-09.00028     5.48613   75.106694   59.495709   -0.444    0.143  1
RGI60-09.00740     5.45079   80.598224   61.920906   -0.077    0.121  1
RGI60-09.00603     5.45021   80.176284   58.117456   -0.233    0.126  1
RGI60-09.00218     5.43164   73.991311   56.133257   -0.592    0.152  1
RGI60-09.00595     5.43023   80.399557   55.886576   -0.140    0.129  1
RGI60-09.00174     5.42433   73.115775   55.374976   -0.527    0.156  1
RGI60-09.00133     5.40217   75.770569   59.114001   -0.169    0.138  1
RGI60-09.00312     5.38025   74.036631   56.657126   -0.746    0.157  1
RGI60-09.00032     5.37573   76.678850   66.132017   -0.166    0.127  1
RGI60-09.00955     5.36528   74.618641   57.528687   -0.249    0.146  1
RGI60-09.00811     5.35289   81.195506   57.871697   -0.084    0.133  1
RGI60-09.00739     5.35222   80.864500   58.753943   -0.172    0.126  1
RGI60-09.01035     5.32086   80.510959   54.729266   -0.093    0.131  1
RGI60-09.00706     5.28405   80.531628   45.523341   -0.895    0.139  1
RGI60-09.00337     5.21052   74.326254   57.183636   -0.365    0.150  1
RGI60-09.00034     5.20525   74.438604   56.857590   -0.279    0.152  1
RGI60-09.00359     5.20132   74.115364   57.302478   -1.094    0.175  1
RGI60-09.00172     5.13866   73.143722   55.351715   -0.759    0.164  1
RGI60-09.00217     5.11166   73.018744   54.692847   -0.766    0.160  1
RGI60-09.00433     5.10258   75.271445   57.321873   -0.429    0.157  1
RGI60-09.00562     5.07706   78.726815  104.782134    0.264    0.142  1
RGI60-09.00661     5.07399   80.163342   48.343094   -0.131    0.123  1
RGI60-09.00198     5.05894   73.254101   55.313282   -0.569    0.154  1
RGI60-09.00663     5.04265   80.245878   47.731228   -0.612    0.129  1
RGI60-09.00859     5.03386   81.728447   58.346214   -0.367    0.121  1
RGI60-09.01000     4.97403   79.964342   58.543212    0.047    0.137  1
RGI60-09.00068     4.93180   75.551000   58.518109   -0.080    0.146  1
RGI60-09.00246     4.85682   73.604778   55.912506   -0.617    0.162  1
RGI60-09.00534     4.84904   78.870709  103.799958   -0.068    0.130  1
RGI60-09.00649     4.78078   80.621098   55.908850   -0.230    0.128  1
RGI60-09.00031     4.75344   74.619296   56.264343   -0.390    0.153  1
RGI60-09.01055     4.71252   81.068386   56.507430   -0.184    0.140  1
RGI60-09.00564     4.67739   78.752182  104.846414    0.150    0.136  1
RGI60-09.00267     4.65235   73.506980   56.177941   -0.565    0.155  1
RGI60-09.00434     4.64418   75.289653   57.351261   -0.691    0.163  1
RGI60-09.00711     4.59539   80.813764   55.497109   -0.067    0.128  1
RGI60-09.00282     4.58192   73.804103   56.519476   -0.483    0.152  1
RGI60-09.00244     4.55758   73.547804   54.609887   -0.788    0.157  1
RGI60-09.00796     4.55532   80.889561   55.727729   -0.078    0.128  1
RGI60-09.00435     4.54878   75.274906   57.230053   -0.646    0.174  1
RGI60-09.00773     4.53980   80.898797   58.032009   -0.344    0.131  1
RGI60-09.00621     4.53756   80.448501   54.611339    0.093    0.138  1
RGI60-09.00542     4.52780   78.904814  102.223671   -0.322    0.133  1
RGI60-09.00624     4.49128   80.480729   54.812883   -0.011    0.132  1
RGI60-09.00400     4.48315   74.995495   59.059095   -0.383    0.143  1
RGI60-09.00763     4.46515   80.985589   58.201269    0.101    0.133  1
RGI60-09.00631     4.45641   80.457482   54.022912   -0.274    0.135  1
RGI60-09.01028     4.44011   80.359210   52.965235   -0.155    0.141  1
RGI60-09.00791     4.40769   80.839320   55.972042   -0.143    0.130  1
RGI60-09.00713     4.40426   80.790221   55.604392   -0.220    0.131  1
RGI60-09.00318     4.40291   74.100289   56.585132   -0.748    0.154  1
RGI60-09.00722     4.38028   80.732608   54.900112    0.219    0.134  1
RGI60-09.00035     4.36707   74.541403   57.707343   -0.498    0.156  1
RGI60-09.00731     4.34161   80.854970   54.997013    0.271    0.131  1
RGI60-09.00599     4.33095   80.406256   55.102559    0.028    0.139  1
RGI60-09.00872     4.31706   80.282371   54.335490   -0.673    0.136  1
RGI60-09.00033     4.29308   75.401403   57.926503   -1.072    0.184  1
RGI60-09.00879     4.22505   80.307101   55.273720   -0.463    0.132  1
RGI60-09.00633     4.18097   80.501233   54.006454   -0.153    0.130  1
RGI60-09.00392     4.16500   74.811258   56.517956   -0.767    0.165  1
RGI60-09.00283     4.15543   73.775851   56.746318   -0.488    0.154  1
RGI60-09.00239     4.15227   73.527452   55.240237   -0.756    0.160  1
RGI60-09.00467     4.06462   79.195389   98.296763   -0.280    0.134  1
RGI60-09.00473     4.05154   79.621145   94.687446   -0.351    0.137  1
RGI60-09.01019     3.96628   80.910913   50.821536   -0.200    0.134  1
RGI60-09.00962     3.94000   80.151384   97.324682   -0.020    0.161  1
RGI60-09.00205     3.93266   73.027446   54.930257   -0.526    0.153  1
RGI60-09.00590     3.88914   80.161553   52.995404   -0.076    0.128  1
RGI60-09.00824     3.85796   81.369544   57.040385    0.004    0.133  1
RGI60-09.00232     3.84223   73.996343   56.037561   -0.589    0.156  1
RGI60-09.00638     3.82916   80.748885   56.440381   -0.179    0.131  1
RGI60-09.00001     3.81503   73.968562   56.870630   -0.216    0.146  1
RGI60-09.00242     3.78727   73.509025   54.488695   -0.425    0.150  1
RGI60-09.00662     3.77642   80.147239   48.379257   -0.384    0.139  1
RGI60-09.00192     3.73479   73.208616   55.157252   -0.617    0.162  1
RGI60-09.00380     3.68891   74.618632   57.278923   -0.442    0.177  1
RGI60-09.00524     3.68272   78.550906  101.104553   -0.495    0.150  1
RGI60-09.00741     3.65780   80.586983   61.816812   -0.179    0.130  1
RGI60-09.00036     3.64129   76.715691   66.486451   -0.319    0.135  1
RGI60-09.00292     3.64082   73.805838   55.940078   -1.061    0.186  1
RGI60-09.00041     3.61412   76.238929   63.971679   -0.119    0.131  1
RGI60-09.00002     3.60194   75.477877   58.397373   -0.304    0.131  1
RGI60-09.00828     3.59068   81.301169   57.750734   -0.172    0.132  1
RGI60-09.00277     3.57283   73.662808   55.963063   -0.573    0.161  1
RGI60-09.00436     3.57047   75.248170   57.211991   -0.560    0.178  1
RGI60-09.00628     3.53673   80.445842   54.330693   -0.205    0.144  1
RGI60-09.01056     3.50604   81.023960   56.878179    0.166    0.138  1
RGI60-09.00537     3.49570   78.864065  103.654401   -0.177    0.131  1
RGI60-09.00422     3.48865   73.922475   55.866273   -0.819    0.176  1
RGI60-09.00452     3.46088   79.024086  103.757482   -0.124    0.152  1
RGI60-09.00297     3.45989   73.824613   55.573856   -0.933    0.181  1
RGI60-09.00230     3.40498   73.455480   55.067395   -0.520    0.158  1
RGI60-09.00583     3.39842   80.370716   54.748272   -0.181    0.140  1
RGI60-09.00710     3.39681   80.786773   55.772318   -0.108    0.132  1
RGI60-09.00142     3.39503   76.417705   65.336355   -0.215    0.134  1
RGI60-09.00358     3.34613   74.411316   56.346768   -0.293    0.153  1
RGI60-09.00609     3.34337   80.151048   57.504740   -0.236    0.132  1
RGI60-09.00724     3.33568   80.762647   54.790378    0.055    0.135  1
RGI60-09.00819     3.21693   81.277897   55.565532   -0.145    0.132  1
RGI60-09.00623     3.20339   80.462935   54.900994    0.137    0.146  1
RGI60-09.00255     3.19530   73.598834   55.338656   -0.675    0.172  1
RGI60-09.00643     3.18098   80.725033   56.694643   -0.055    0.134  1
RGI60-09.00666     3.18022   80.289339   47.791658   -0.279    0.131  1
RGI60-09.00726     3.16024   80.793843   54.420093   -0.159    0.133  1
RGI60-09.00414     3.14620   75.152369   56.997873   -0.749    0.186  1
RGI60-09.00761     3.13311   80.947022   58.401131   -0.168    0.133  1
RGI60-09.00806     3.12532   79.961929   50.267569   -0.336    0.134  1
RGI60-09.00890     3.07363   80.336412   56.806758   -0.147    0.140  1
RGI60-09.00207     3.04117   74.010498   57.335440   -0.642    0.162  1
RGI60-09.01025     3.02572   79.977503   50.269295   -0.336    0.134  1
RGI60-09.01049     3.02143   80.949267   55.000056    0.194    0.135  1
RGI60-09.00682     3.00729   80.154946   47.983408   -0.158    0.125  1
RGI60-09.00640     2.99302   80.696355   55.877020    0.100    0.135  1
RGI60-09.00343     2.93545   74.363511   56.516946   -0.790    0.178  1
RGI60-09.00825     2.92851   81.271331   56.160028    0.147    0.135  1
RGI60-09.00700     2.92523   79.961458   50.117693   -0.224    0.132  1
RGI60-09.00615     2.91506   80.387367   54.577074   -0.284    0.145  1
RGI60-09.00954     2.91296   74.681541   57.541001   -0.085    0.154  1
RGI60-09.00215     2.91095   73.384605   55.531949   -1.007    0.184  1
RGI60-09.00629     2.89477   80.471942   54.387501   -0.329    0.138  1
RGI60-09.00892     2.89099   79.916459   58.755178   -0.122    0.138  1
RGI60-09.00451     2.87981   79.042592  103.798729   -0.107    0.140  1
RGI60-09.00213     2.87085   73.328675   55.043685   -0.801    0.171  1
RGI60-09.00249     2.86951   74.017276   56.838906   -0.292    0.150  1
RGI60-09.00565     2.84500   78.783883  104.910018    0.053    0.147  1
RGI60-09.00817     2.84432   80.233108   55.113547   -0.236    0.130  1
RGI60-09.00443     2.82767   73.957377   56.293181   -0.481    0.159  1
RGI60-09.00618     2.82633   80.402176   54.534617    0.051    0.144  1
RGI60-09.00287     2.81942   74.058409   56.940364   -0.422    0.159  1
RGI60-09.00038     2.81784   74.517173   56.538586   -0.623    0.165  1
RGI60-09.00447     2.80421   78.967087  102.626273   -0.304    0.143  1
RGI60-09.00758     2.80292   81.028522   58.470735    0.128    0.136  1
RGI60-09.00619     2.80280   80.414046   54.545657    0.035    0.143  1
RGI60-09.00614     2.79018   80.424119   54.783133   -0.227    0.146  1
RGI60-09.00718     2.76604   80.867811   55.058371    0.119    0.138  1
RGI60-09.00938     2.74401   76.388454   65.174532   -0.247    0.137  1
RGI60-09.00178     2.73721   73.136331   54.480333   -0.563    0.168  1
RGI60-09.00313     2.73311   74.082483   56.291027   -0.337    0.158  1
RGI60-09.00474     2.72959   79.615464   94.860928   -0.307    0.141  1
RGI60-09.00418     2.72780   75.164936   56.880193   -0.791    0.191  1
RGI60-09.00733     2.70860   80.776609   57.939435   -0.307    0.137  1
RGI60-09.00604     2.70376   80.325518   59.173711   -0.250    0.134  1
RGI60-09.00157     2.68953   73.087688   54.399162   -0.565    0.165  1
RGI60-09.00014     2.68526   73.990160   57.413555   -0.938    0.185  1
RGI60-09.00037     2.65976   76.499389   65.794369   -0.178    0.138  1
RGI60-09.00620     2.65843   80.432864   54.575995   -0.076    0.144  1
RGI60-09.00728     2.65551   80.822673   54.101181    0.127    0.136  1
RGI60-09.00665     2.63825   80.066192   47.772762    0.001    0.142  1
RGI60-09.00310     2.62090   74.055496   56.732518   -0.719    0.172  1
RGI60-09.00396     2.61951   74.906021   56.948580   -0.330    0.158  1
RGI60-09.00364     2.59420   74.418530   56.176016   -0.695    0.167  1
RGI60-09.00426     2.59067   73.061711   54.156305   -0.393    0.162  1
RGI60-09.00148     2.56253   76.517648   66.151630   -0.151    0.136  1
RGI60-09.00140     2.53567   76.233205   64.042815    0.004    0.136  1
RGI60-09.00005     2.53315   75.500061   58.210208   -0.157    0.161  1
RGI60-09.00880     2.52589   80.298756   56.505761   -0.084    0.137  1
RGI60-09.00480     2.52333   79.793168   97.562953   -0.031    0.150  1
RGI60-09.00449     2.51645   78.991485  102.614695   -0.141    0.145  1
RGI60-09.00529     2.50300   78.773248  100.680327   -0.269    0.149  1
RGI60-09.00300     2.49816   73.839999   55.620612   -0.644    0.170  1
RGI60-09.00821     2.48785   81.317887   54.345092   -0.308    0.137  1
RGI60-09.01003     2.48548   80.324553   59.033424   -0.095    0.134  1
RGI60-09.01040     2.46043   80.807517   54.105391    0.013    0.136  1
RGI60-09.00183     2.45428   73.188746   55.064534   -0.447    0.162  1
RGI60-09.00299     2.43991   73.835173   55.691558   -0.584    0.171  1
RGI60-09.00463     2.39730   79.073089  102.124325   -0.004    0.139  1
RGI60-09.00536     2.39160   78.887729  103.814010   -0.002    0.138  1
RGI60-09.00026     2.36906   76.412260   65.018652   -0.415    0.148  1
RGI60-09.00039     2.36180   76.332324   64.732943   -0.033    0.139  1
RGI60-09.00331     2.34475   74.206933   56.505074   -0.234    0.152  1
RGI60-09.00781     2.34028   80.955505   57.042817    0.116    0.138  1
RGI60-09.00344     2.33133   74.394289   57.058702   -0.503    0.165  1
RGI60-09.00940     2.31951   76.401036   65.421466    0.034    0.137  1
RGI60-09.00928     2.31375   75.830443   60.594373   -0.053    0.153  1
RGI60-09.00456     2.29453   79.031549  103.881803    0.046    0.149  1
RGI60-09.00539     2.29356   78.887515  103.601423   -0.064    0.135  1
RGI60-09.00855     2.29134   81.630633   61.948737   -0.174    0.128  1
RGI60-09.00866     2.28769   80.067992   49.512298   -0.143    0.132  1
RGI60-09.00393     2.28551   74.842752   56.668015   -1.530    0.222  1
RGI60-09.00894     2.28095   80.496944   54.721565   -0.585    0.148  1
RGI60-09.01051     2.24882   80.924092   55.492225    0.393    0.142  1
RGI60-09.00409     2.23640   75.072080   57.008345   -0.616    0.185  1
RGI60-09.01052     2.21285   80.845326   55.865099    0.144    0.139  1
RGI60-09.01057     2.20384   80.899063   58.129630    0.075    0.139  1
RGI60-09.00276     2.20127   73.679928   55.910286   -0.434    0.166  1
RGI60-09.00363     2.19004   74.391982   56.424138   -0.188    0.158  1
RGI60-09.00291     2.17879   73.812052   55.658510   -0.985    0.197  1
RGI60-09.00441     2.17517   72.932810   54.752273   -0.787    0.167  1
RGI60-09.00341     2.17328   74.363329   56.457374   -0.362    0.161  1
RGI60-09.01043     2.16489   80.773155   55.795190    0.060    0.139  1
RGI60-09.00869     2.16277   80.025347   49.549113   -0.150    0.130  1
RGI60-09.00305     2.15398   73.903707   56.832146   -0.200    0.150  1
RGI60-09.00322     2.15269   74.076521   56.101030   -0.551    0.172  1
RGI60-09.00347     2.13845   73.088123   55.021807   -0.372    0.158  1
RGI60-09.00942     2.13741   76.499790   66.173820   -0.374    0.145  1
RGI60-09.01053     2.13710   80.825232   56.048530   -0.135    0.138  1
RGI60-09.00325     2.13364   74.165917   56.362666   -0.224    0.159  1
RGI60-09.00371     2.11919   74.327329   56.987472   -0.553    0.174  1
RGI60-09.00881     2.11867   80.304730   57.082872    0.038    0.146  1
RGI60-09.00045     2.11675   74.590802   56.207766   -0.703    0.170  1
RGI60-09.00182     2.11284   73.183176   55.134258   -0.878    0.190  1
RGI60-09.00833     2.09649   81.194711   55.849033    0.003    0.148  1
RGI60-09.00294     2.09180   73.822847   55.759969   -0.343    0.161  1
RGI60-09.00757     2.07611   81.043922   58.390272    0.222    0.151  1
RGI60-09.00329     2.04224   74.155857   55.885948   -0.882    0.190  1
RGI60-09.00008     2.03019   75.674032   58.567516   -0.452    0.166  1
RGI60-09.00152     2.01016   73.103266   54.560277   -0.078    0.163  1
RGI60-09.00025     1.99278   73.963672   56.535298   -0.842    0.182  1
RGI60-09.00742     1.98962   80.843226   61.985064    0.122    0.133  1
RGI60-09.01048     1.98743   80.942537   55.108699    0.307    0.142  1
RGI60-09.00899     1.98465   81.211322   57.901668   -0.063    0.142  1
RGI60-09.00162     1.98421   73.067120   54.748871   -0.606    0.166  1
RGI60-09.00252     1.98418   73.036075   54.751471   -0.265    0.156  1
RGI60-09.00799     1.98094   80.896418   56.709308    0.042    0.138  1
RGI60-09.00311     1.96651   74.098659   56.786400   -1.000    0.184  1
RGI60-09.00135     1.95541   75.919606   60.582847   -0.149    0.163  1
RGI60-09.00477     1.94611   79.728986   94.321314    0.029    0.147  1
RGI60-09.00464     1.93690   79.135287  102.199729   -0.223    0.141  1
RGI60-09.00009     1.93035   75.689377   58.614340   -0.485    0.167  1
RGI60-09.00677     1.92721   80.152630   48.760582   -0.179    0.145  1
RGI60-09.00349     1.92116   74.414593   56.402551   -0.481    0.166  1
RGI60-09.00395     1.91530   74.832529   56.540420   -0.401    0.170  1
RGI60-09.00878     1.91470   80.298853   55.207673   -0.156    0.138  1
RGI60-09.00076     1.91161   75.229887   58.222678   -0.412    0.159  1
RGI60-09.00639     1.88622   80.633008   55.813716   -0.314    0.141  1
RGI60-09.00598     1.88427   80.395783   55.169940   -0.104    0.145  1
RGI60-09.00042     1.87737   75.574230   58.580464   -0.210    0.161  1
RGI60-09.00335     1.87248   74.253367   57.233711   -0.313    0.163  1
RGI60-09.00365     1.87225   74.332538   56.572433   -0.311    0.164  1
RGI60-09.00040     1.86397   74.952509   56.901126   -0.570    0.176  1
RGI60-09.00535     1.85961   78.871261  103.547923   -0.081    0.139  1
RGI60-09.00721     1.85621   80.724585   54.983816    0.296    0.143  1
RGI60-09.00767     1.84386   80.882411   57.999393   -0.489    0.148  1
RGI60-09.00006     1.84014   75.522070   58.739236   -0.389    0.164  1
RGI60-09.00226     1.83440   73.453249   55.187503   -0.431    0.165  1
RGI60-09.00732     1.81623   80.793136   57.934750   -0.210    0.143  1
RGI60-09.00308     1.78761   74.087379   56.489662   -0.761    0.180  1
RGI60-09.01030     1.78388   80.310369   52.976799   -0.158    0.151  1
RGI60-09.00768     1.77200   80.903442   58.218134   -0.158    0.138  1
RGI60-09.00286     1.76950   72.951140   54.229927   -0.858    0.187  1
RGI60-09.00243     1.76930   73.599714   56.414768   -0.849    0.177  1
RGI60-09.00231     1.76840   73.470072   55.022589   -0.733    0.178  1
RGI60-09.00067     1.74145   75.531780   58.605674   -0.595    0.171  1
RGI60-09.00295     1.72327   73.843466   56.231825   -0.758    0.184  1
RGI60-09.00003     1.71235   75.486992   58.314574   -0.041    0.135  1
RGI60-09.00429     1.69348   75.227524   57.934728    0.057    0.150  1
RGI60-09.00189     1.66354   73.972203   56.240548   -0.504    0.169  1
RGI60-09.00256     1.64515   73.611900   55.224479   -0.432    0.164  1
RGI60-09.01054     1.64314   80.850161   58.459399   -0.285    0.143  1
RGI60-09.00457     1.63834   78.543602  100.843101   -0.464    0.161  1
RGI60-09.00321     1.63552   74.096365   56.193913   -0.893    0.200  1
RGI60-09.00606     1.63036   80.174499   58.218301   -0.095    0.137  1
RGI60-09.00751     1.62592   80.214199   58.241661   -0.143    0.141  1
RGI60-09.00617     1.61428   80.395892   54.641981   -0.047    0.151  1
RGI60-09.00794     1.61008   80.821023   57.497393   -0.068    0.144  1
RGI60-09.00385     1.60807   73.897999   55.897712   -0.558    0.176  1
RGI60-09.00082     1.59891   74.890452   56.950822   -0.780    0.180  1
RGI60-09.00020     1.59701   76.320268   64.378557   -0.421    0.152  1
RGI60-09.00336     1.58970   73.908840   56.059415   -0.763    0.184  1
RGI60-09.00786     1.58449   81.085962   56.229736    0.097    0.145  1
RGI60-09.00668     1.58088   80.169392   47.088295   -0.185    0.136  1
RGI60-09.00023     1.57943   76.345618   64.620394   -0.140    0.143  1
RGI60-09.00268     1.57900   73.671915   56.409252   -0.708    0.183  1
RGI60-09.00306     1.56447   73.894179   56.013667   -0.388    0.166  1
RGI60-09.00225     1.56445   73.446668   55.426599   -0.485    0.172  1
RGI60-09.00770     1.54404   81.026261   57.327702    0.352    0.156  1
RGI60-09.00873     1.53469   80.299096   54.280657   -0.214    0.137  1
RGI60-09.00263     1.53002   73.548165   56.465331   -1.163    0.202  1
RGI60-09.00338     1.52854   74.364864   57.584607   -0.691    0.183  1
RGI60-09.00016     1.52366   76.218996   66.394057   -0.579    0.151  1
RGI60-09.00667     1.52094   80.189938   47.332930   -0.193    0.135  1
RGI60-09.00453     1.51249   79.055455  103.825821   -0.413    0.164  1
RGI60-09.00238     1.50111   73.493271   54.435520   -0.669    0.175  1
RGI60-09.00290     1.49912   73.014355   54.049440   -0.893    0.195  1
RGI60-09.00289     1.49130   73.825024   56.073777   -0.630    0.180  1
RGI60-09.00193     1.47131   73.236913   55.256129   -0.222    0.161  1
RGI60-09.00593     1.46978   80.385515   55.895305   -0.015    0.141  1
RGI60-09.00346     1.46304   73.067804   55.124485   -0.874    0.188  1
RGI60-09.00332     1.45155   73.110978   55.492736   -0.522    0.174  1
RGI60-09.00423     1.44328   73.893208   55.829439   -0.252    0.172  1
RGI60-09.00326     1.43605   74.160423   56.009266   -0.389    0.170  1
RGI60-09.00017     1.42992   76.269588   64.296357   -0.211    0.144  1
RGI60-09.00022     1.40504   76.342830   64.669693   -0.240    0.147  1
RGI60-09.00600     1.40376   80.399905   55.234934   -0.228    0.149  1
RGI60-09.00384     1.40262   73.921066   55.906146   -0.925    0.204  1
RGI60-09.00383     1.39736   74.642432   57.362593   -0.886    0.194  1
RGI60-09.00191     1.38782   73.206842   55.065150   -0.519    0.169  1
RGI60-09.00271     1.38453   73.650240   56.321833   -0.517    0.170  1
RGI60-09.00420     1.38354   75.177279   56.940609   -0.405    0.185  1
RGI60-09.00360     1.38065   74.133626   56.964152   -0.486    0.173  1
RGI60-09.00274     1.37001   73.688520   55.944360   -0.847    0.196  1
RGI60-09.00438     1.36923   75.373229   57.831252   -0.155    0.180  1
RGI60-09.00043     1.36701   75.580251   58.556793   -0.238    0.170  1
RGI60-09.00223     1.34881   73.391213   54.916047   -0.487    0.167  1
RGI60-09.00769     1.34051   81.024983   57.433971    0.062    0.153  1
RGI60-09.00431     1.31624   75.245046   57.711197   -0.007    0.154  1
RGI60-09.00647     1.31285   80.619337   56.380348   -0.281    0.146  1
RGI60-09.01032     1.30087   80.264230   52.754513   -0.078    0.139  1
RGI60-09.00381     1.28688   74.631223   56.995646   -0.216    0.168  1
RGI60-09.00963     1.27975   80.018265   97.757493    0.017    0.180  1
RGI60-09.00222     1.27877   73.386007   54.975175   -0.827    0.207  1
RGI60-09.00387     1.27828   74.627645   56.327938   -0.300    0.166  1
RGI60-09.00330     1.27267   74.173000   55.882287   -0.424    0.172  1
RGI60-09.00199     1.26993   73.259394   55.226282   -0.709    0.187  1
RGI60-09.00202     1.26616   73.041684   54.934014   -0.470    0.166  1
RGI60-09.00712     1.26381   80.781515   55.860192   -0.070    0.143  1
RGI60-09.01005     1.26377   80.327022   59.240320   -0.069    0.145  1
RGI60-09.00234     1.24585   73.005685   54.109388   -0.846    0.200  1
RGI60-09.00417     1.24410   75.185658   57.491166   -0.134    0.150  1
RGI60-09.00203     1.23833   72.987909   54.969194   -0.832    0.188  1
RGI60-09.00388     1.19426   74.685304   58.169387   -0.879    0.197  1
RGI60-09.00479     1.18598   79.778352   97.631556    0.131    0.159  1
RGI60-09.00401     1.18277   75.007906   59.306139   -0.463    0.165  1
RGI60-09.01039     1.17846   80.464845   53.937274   -0.132    0.145  1
RGI60-09.00220     1.16804   73.408651   55.651592   -0.656    0.188  1
RGI60-09.00007     1.16458   75.662984   58.545633   -0.428    0.172  1
RGI60-09.00616     1.15794   80.389842   54.481969   -0.186    0.156  1
RGI60-09.01007     1.14701   80.308353   56.489153   -0.053    0.151  1
RGI60-09.00012     1.13249   75.971189   61.068637    0.967    0.214  1
RGI60-09.00251     1.11460   73.023778   54.780595   -0.439    0.166  1
RGI60-09.00440     1.11260   75.458581   58.087109   -0.110    0.179  1
RGI60-09.00454     1.10966   79.023694  103.835052    0.008    0.157  1
RGI60-09.00161     1.10166   73.007344   54.515680   -0.787    0.204  1
RGI60-09.00048     1.09907   74.684716   57.219741   -0.261    0.173  1
RGI60-09.00415     1.09748   75.167727   57.148950   -0.781    0.206  1
RGI60-09.00378     1.09716   74.609687   56.982390   -0.339    0.170  1
RGI60-09.00179     1.08507   73.118766   53.855148   -0.475    0.176  1
RGI60-09.00376     1.08317   74.490192   57.721508   -0.362    0.169  1
RGI60-09.00644     1.07408   80.746759   56.522360   -0.088    0.145  1
RGI60-09.00046     1.07274   75.570284   58.481796   -0.013    0.165  1
RGI60-09.00212     1.06590   73.363729   55.862361   -0.931    0.210  1
RGI60-09.00109     1.05777   74.429552   57.405328   -0.126    0.164  1
RGI60-09.00163     1.04224   73.023922   54.484282   -0.039    0.158  1
RGI60-09.00437     1.03881   75.372351   57.893404   -0.296    0.179  1
RGI60-09.00432     1.03327   75.246769   57.486992   -0.081    0.165  1
RGI60-09.00403     1.02627   74.964055   56.719252   -0.403    0.177  1
RGI60-09.00216     1.02597   73.397771   55.585752   -0.949    0.213  1
RGI60-09.00146     1.02304   76.492926   65.634141   -0.064    0.147  1
RGI60-09.00293     1.01479   73.822500   55.989628   -0.958    0.211  1
RGI60-09.01036     0.99138   80.518708   54.789892    0.131    0.146  1
RGI60-09.00187     0.99126   73.213498   55.297225   -0.387    0.175  1
RGI60-09.00905     0.98837   80.322014   56.772093   -0.306    0.157  1
RGI60-09.00235     0.97840   73.504949   55.513353   -0.783    0.195  1
RGI60-09.00176     0.97651   73.097758   55.407466   -0.861    0.198  1
RGI60-09.00044     0.97321   76.498085   65.877634   -0.642    0.168  1
RGI60-09.01037     0.97013   80.420823   54.605475   -0.087    0.157  1
RGI60-09.01059     0.96144   80.955687   58.325454   -0.089    0.146  1
RGI60-09.00785     0.95589   81.093817   56.211748   -0.014    0.157  1
RGI60-09.00416     0.95518   75.167894   56.979435   -0.440    0.199  1
RGI60-09.00404     0.93983   75.021469   59.180916   -0.357    0.165  1
RGI60-09.00257     0.93231   73.571739   55.135307   -0.409    0.166  1
RGI60-09.00999     0.92860   79.949922   58.485426   -0.066    0.158  1
RGI60-09.00870     0.92451   80.079089   49.429947   -0.005    0.146  1
RGI60-09.00377     0.92137   74.530493   56.122049   -0.530    0.178  1
RGI60-09.00351     0.92030   74.409032   55.852395   -0.492    0.181  1
RGI60-09.00047     0.92001   75.217720   57.995238   -0.434    0.164  1
RGI60-09.00421     0.91800   75.201887   57.513731   -0.311    0.175  1
RGI60-09.00475     0.90516   79.628520   94.777953   -0.483    0.160  1
RGI60-09.00893     0.87320   80.413660   55.221299    0.241    0.159  1
RGI60-09.00170     0.87271   72.996667   54.649776   -0.432    0.173  1
RGI60-09.00601     0.86801   80.415907   55.263965    0.053    0.164  1
RGI60-09.00227     0.86273   73.468764   54.959295   -0.353    0.176  1
RGI60-09.00386     0.85792   74.676665   58.229925   -0.973    0.234  1
RGI60-09.00210     0.85778   73.324326   55.158350   -0.778    0.214  1
RGI60-09.00538     0.85435   78.862793  103.575155   -0.288    0.153  1
RGI60-09.00279     0.85306   73.722594   55.589360   -0.459    0.192  1
RGI60-09.00445     0.84136   78.998792  102.663406   -0.187    0.160  1
RGI60-09.00891     0.83426   80.363139   54.662922   -0.171    0.155  1
RGI60-09.00442     0.82806   73.583790   55.452829   -0.684    0.194  1
RGI60-09.00348     0.82626   74.417177   57.444347   -0.986    0.227  1
RGI60-09.00011     0.82329   75.785776   59.531342    0.021    0.158  1
RGI60-09.00530     0.82034   78.779140  103.275629   -0.229    0.153  1
RGI60-09.00195     0.81905   73.215329   55.467824   -0.857    0.201  1
RGI60-09.00413     0.81787   75.152145   57.111797   -0.544    0.201  1
RGI60-09.00366     0.81609   74.130691   57.336798   -0.382    0.175  1
RGI60-09.00214     0.80683   73.372631   55.391242   -0.804    0.214  1
RGI60-09.00867     0.80450   80.022678   49.464338   -0.161    0.143  1
RGI60-09.00280     0.80063   73.793058   56.023631   -0.832    0.214  1
RGI60-09.00188     0.79447   73.195274   54.838025   -0.273    0.176  1
RGI60-09.00304     0.78575   73.913404   56.825667   -0.342    0.172  1
RGI60-09.00407     0.77865   74.987430   56.764829   -0.394    0.190  1
RGI60-09.00399     0.77741   74.946431   56.840355   -0.514    0.186  1
RGI60-09.00184     0.77206   73.193686   54.885023   -0.531    0.186  1
RGI60-09.00455     0.76695   79.057895  103.749401   -0.232    0.162  1
RGI60-09.00233     0.76608   74.004816   56.029285   -0.905    0.209  1
RGI60-09.00209     0.76388   73.303908   54.709516   -1.442    0.270  1
RGI60-09.00430     0.74614   75.226443   57.826520   -0.012    0.145  1
RGI60-09.00049     0.73385   75.432997   57.962297   -0.509    0.191  1
RGI60-09.00334     0.72513   74.212109   56.404130   -0.670    0.199  1
RGI60-09.00150     0.72223   73.109204   54.727071   -0.308    0.172  1
RGI60-09.00382     0.72146   73.114293   55.310773   -0.116    0.174  1
RGI60-09.00756     0.72093   80.966202   58.542995   -0.083    0.149  1
RGI60-09.00151     0.72084   73.139034   55.441697   -0.237    0.179  1
RGI60-09.00316     0.70646   74.084387   56.045401   -0.229    0.173  1
RGI60-09.00180     0.70448   73.153129   54.537066   -0.511    0.191  1
RGI60-09.00224     0.69794   73.421885   55.631152   -0.976    0.221  1
RGI60-09.00278     0.69641   73.718090   55.691679   -1.330    0.277  1
RGI60-09.00296     0.69306   73.850087   56.211727   -0.499    0.182  1
RGI60-09.00167     0.69301   73.087325   53.771539   -0.480    0.187  1
RGI60-09.00389     0.68018   74.719335   56.872994   -0.354    0.180  1
RGI60-09.00397     0.67718   73.065685   54.043502   -1.085    0.223  1
RGI60-09.00236     0.67546   73.517052   55.389875   -0.504    0.190  1
RGI60-09.00272     0.66168   73.663108   56.324225   -0.405    0.179  1
RGI60-09.00019     0.66017   73.087284   54.243520   -0.458    0.190  1
RGI60-09.00018     0.66008   72.967472   54.258107   -0.651    0.206  1
RGI60-09.00408     0.65148   75.059542   56.960731   -0.631    0.223  1
RGI60-09.01024     0.65046   79.970841   50.223744    0.234    0.149  1
RGI60-09.00186     0.64630   73.208920   55.254959   -0.378    0.188  1
RGI60-09.00444     0.63670   74.687416   57.181144   -0.250    0.174  1
RGI60-09.00653     0.63601   80.163884   47.175691   -0.133    0.144  1
RGI60-09.00333     0.61709   74.211370   56.441154   -0.623    0.188  1
RGI60-09.00237     0.61411   73.484375   54.419051   -0.699    0.206  1
RGI60-09.00159     0.61325   73.130972   55.029710   -0.431    0.189  1
RGI60-09.00089     0.61035   76.485812   65.665444   -0.092    0.149  1
RGI60-09.00402     0.60408   74.963129   56.841699   -0.057    0.198  1
RGI60-09.00245     0.59270   73.560766   54.603044   -0.505    0.185  1
RGI60-09.00084     0.58689   74.890756   57.000115   -0.109    0.177  1
RGI60-09.00450     0.58403   79.018396  103.809774   -0.074    0.171  1
RGI60-09.00004     0.58090   73.110689   55.025854   -0.140    0.168  1
RGI60-09.00531     0.57760   78.884510  103.511311   -0.455    0.160  1
RGI60-09.00024     0.56978   76.392068   64.848877   -0.372    0.170  1
RGI60-09.00594     0.56896   80.375496   56.004249   -0.162    0.158  1
RGI60-09.00328     0.56774   74.174098   55.800812   -0.505    0.186  1
RGI60-09.00177     0.56591   73.189572   55.694945   -0.444    0.187  1
RGI60-09.00050     0.56411   76.361395   64.894133   -0.150    0.153  1
RGI60-09.00173     0.56351   73.134156   55.333461   -0.475    0.188  1
RGI60-09.00379     0.55006   74.625813   57.371952   -0.132    0.189  1
RGI60-09.00533     0.54897   78.892507  103.730693   -0.091    0.156  1
RGI60-09.00105     0.54551   75.386370   57.940028   -0.262    0.191  1
RGI60-09.00375     0.54271   74.209876   56.681108   -0.086    0.169  1
RGI60-09.00229     0.53133   73.474932   55.124148   -0.344    0.188  1
RGI60-09.00390     0.53069   74.727830   56.738821   -0.546    0.192  1
RGI60-09.00204     0.52801   72.993462   54.921482   -0.160    0.165  1
RGI60-09.00637     0.52748   80.613609   53.269100   -0.076    0.152  1
RGI60-09.00273     0.52401   73.651649   55.049908   -0.588    0.199  1
RGI60-09.00171     0.52207   73.117842   54.300819   -0.820    0.221  1
RGI60-09.00427     0.52175   73.072025   54.169616   -0.355    0.190  1
RGI60-09.00543     0.52046   78.942382  102.361315   -0.153    0.156  1
RGI60-09.00190     0.52029   73.980281   56.213091   -0.391    0.190  1
RGI60-09.00424     0.51906   75.189140   56.993875   -1.272    0.306  1
RGI60-09.00350     0.49619   73.945231   56.578407   -0.776    0.233  1
RGI60-09.00314     0.49240   73.074977   54.462979   -0.320    0.188  1
RGI60-09.00835     0.48754   81.217980   55.616062    0.393    0.186  1
RGI60-09.00342     0.48592   74.411301   57.537317   -0.502    0.197  1
RGI60-09.00340     0.48583   74.407004   57.625565   -0.650    0.209  1
RGI60-09.00166     0.48323   73.140926   54.969084   -0.251    0.183  1
RGI60-09.00085     0.47566   74.744884   56.872528   -0.488    0.192  1
RGI60-09.00406     0.45848   74.985005   56.806458   -0.597    0.225  1
RGI60-09.00175     0.45675   73.107164   53.796473   -0.783    0.213  1
RGI60-09.00284     0.45578   73.789038   56.511370   -0.459    0.195  1
RGI60-09.00391     0.45127   74.754068   56.865767   -0.261    0.180  1
RGI60-09.00219     0.44923   73.407403   55.579717   -0.520    0.196  1
RGI60-09.00419     0.44788   75.153052   56.864172   -0.273    0.206  1
RGI60-09.00241     0.44020   73.498963   54.470049   -0.268    0.184  1
RGI60-09.00327     0.43604   74.188350   56.534624   -0.395    0.192  1
RGI60-09.00010     0.43380   75.789711   59.564325   -0.152    0.166  1
RGI60-09.00013     0.43302   75.961895   61.038182    0.194    0.220  1
RGI60-09.00298     0.42739   73.876881   56.446038   -0.864    0.237  1
RGI60-09.00169     0.41671   73.103920   53.884386   -0.397    0.195  1
RGI60-09.00137     0.41292   76.032634   61.295386   -0.279    0.192  1
RGI60-09.00411     0.40990   73.113640   55.112368   -0.273    0.195  1
RGI60-09.00221     0.40294   73.420583   55.688844   -0.315    0.195  1
RGI60-09.00641     0.40133   80.616775   56.070940   -0.146    0.157  1
RGI60-09.00200     0.39685   73.276395   54.780242   -0.774    0.236  1
RGI60-09.00540     0.39605   78.901522  103.739082   -0.215    0.168  1
RGI60-09.00156     0.38766   73.065429   54.448236    0.067    0.188  1
RGI60-09.01009     0.38632   80.399438   55.984916    0.123    0.162  1
RGI60-09.00250     0.38269   73.586414   54.672504   -0.513    0.222  1
RGI60-09.00315     0.37696   74.077424   56.028162   -0.205    0.181  1
RGI60-09.00196     0.37693   73.257442   55.160526   -0.598    0.205  1
RGI60-09.00324     0.37686   73.062961   54.478271   -0.123    0.189  1
RGI60-09.00261     0.37652   73.578331   55.239663   -0.276    0.175  1
RGI60-09.00015     0.37607   76.013894   61.171031   -0.706    0.223  1
RGI60-09.00410     0.35876   73.965501   56.589381   -0.623    0.211  1
RGI60-09.00405     0.35472   74.986264   56.822555   -0.699    0.228  1
RGI60-09.00652     0.34726   80.186412   47.400955   -0.074    0.151  1
RGI60-09.00206     0.33588   73.301950   55.117743   -0.846    0.253  1
RGI60-09.00063     0.32742   76.407122   65.389530   -0.005    0.161  1
RGI60-09.00052     0.32127   75.144036   57.094480   -0.192    0.215  1
RGI60-09.00208     0.31877   73.315714   55.135923   -0.638    0.236  1
RGI60-09.00211     0.31431   73.341671   55.161640   -0.675    0.248  1
RGI60-09.00021     0.31245   76.345824   64.704462   -0.263    0.172  1
RGI60-09.00228     0.30763   73.460242   54.954983   -0.256    0.194  1
RGI60-09.00258     0.29038   73.579970   55.207321   -0.102    0.175  1
RGI60-09.00259     0.26166   73.583210   55.425208   -0.308    0.228  1
RGI60-09.00145     0.25928   76.479659   65.678509   -0.131    0.167  1
RGI60-09.00054     0.24983   76.329040   64.419648   -0.130    0.167  1
RGI60-09.00143     0.24917   76.483217   65.625558   -0.566    0.208  1
